http://www.flipkart.com/samsonite-panerea-leather/p/itmdz5yamzjkhzhx?pid=SNDDZ4ZA58UEHC4A&srno=b_1&ref=422dc84e-0df3-4962-8527-3311e4c1714b
http://www.flipkart.com/samsonite-rodi-leather/p/itmdz5yajgybhghh?pid=SNDDZ4ZARFPT7CFC&srno=b_2&ref=422dc84e-0df3-4962-8527-3311e4c1714b
http://www.flipkart.com/samsonite-panerea-leather/p/itmdz5yah7hyfhzz?pid=SNDDZ4ZASWQPJDUQ&srno=b_3&ref=422dc84e-0df3-4962-8527-3311e4c1714b
http://www.flipkart.com/samsonite-panerea-leather/p/itmdz5ya3ymzk2ht?pid=SNDDZ4ZAK7KV2CWG&srno=b_4&ref=422dc84e-0df3-4962-8527-3311e4c1714b
http://www.flipkart.com/samsonite-panerea-leather/p/itmdz5yaxrg9mydg?pid=SNDDZ4ZAMGH9MJ2G&srno=b_5&ref=422dc84e-0df3-4962-8527-3311e4c1714b
http://www.flipkart.com/samsonite-panerea-leather/p/itmdz5ya29gz4fvv?pid=SNDDZ4ZAHNEZKWDE&srno=b_6&ref=422dc84e-0df3-4962-8527-3311e4c1714b
http://www.flipkart.com/samsonite-panarea-leather/p/itmdpgg4rgy7t2xj?pid=SNDDPFZMGA5GHKH5&srno=b_7&ref=422dc84e-0df3-4962-8527-3311e4c1714b
