http://www.flipkart.com/farlin-washable-breast-pads/p/itmdgeaffmcxngvf?pid=BRNDADNHAASMWNX8&srno=b_1&ref=5e79a59d-9d55-42df-8f5f-9e8c369748b7
http://www.flipkart.com/farlin-manual-plastic-breast-pump/p/itmdrybv2xhwkf74?pid=BRPDADNWYB9JGGBK&srno=b_2&ref=5e79a59d-9d55-42df-8f5f-9e8c369748b7
http://www.flipkart.com/farlin-healthy-reshaping-girdle/p/itmdsrzd3pmudehx?pid=MTBDADZZZRJRGEAT&srno=b_3&ref=5e79a59d-9d55-42df-8f5f-9e8c369748b7
http://www.flipkart.com/farlin-nipple-shield/p/itmdzbyzhczwge9a?pid=BRNDZBWYQJHVW2WT&srno=b_4&ref=5e79a59d-9d55-42df-8f5f-9e8c369748b7
http://www.flipkart.com/farlin-manual-breast-pump/p/itmdzbyzqsas4yhq?pid=BRPDZBWZJG8HUQPM&srno=b_5&ref=5e79a59d-9d55-42df-8f5f-9e8c369748b7
http://www.flipkart.com/farlin-electric-breast-pump-kit-single/p/itmdrsfbfg7k6y2v?pid=BRPDADNWHCHREZBT&srno=b_6&ref=5e79a59d-9d55-42df-8f5f-9e8c369748b7
http://www.flipkart.com/farlin-adjustable-pregnancy-pillow/p/itmdg36xdrgbhanh?pid=PLWDG35AQMKEH37Q&srno=b_7&ref=5e79a59d-9d55-42df-8f5f-9e8c369748b7
http://www.flipkart.com/farlin-pregnancy-pillow/p/itmdg36xxzqfsx2h?pid=PLWDG35AEZTQMDGZ&srno=b_8&ref=5e79a59d-9d55-42df-8f5f-9e8c369748b7
http://www.flipkart.com/farlin-healthy-reshaping-girdle/p/itmdgeauhtdkxzfp?pid=MTBDADZZ43HYUYHY&srno=b_9&ref=5e79a59d-9d55-42df-8f5f-9e8c369748b7
http://www.flipkart.com/farlin-manual-breast-pump/p/itmdapwfzasd2bax?pid=BRPDADNWFHHDWUSG&srno=b_10&ref=5e79a59d-9d55-42df-8f5f-9e8c369748b7
http://www.flipkart.com/farlin-reshape-panties-underpants/p/itmdgq7npzfyhzbh?pid=MTBDGQ7MHKGECCCS&srno=b_11&ref=5e79a59d-9d55-42df-8f5f-9e8c369748b7
http://www.flipkart.com/farlin-pregnancy-pillow/p/itmdg36xzbgtyzcy?pid=PLWDG35AZT6GSY3H&srno=b_12&ref=5e79a59d-9d55-42df-8f5f-9e8c369748b7
http://www.flipkart.com/farlin-maternity-elastic-pantyhose/p/itmdgq7njsphqpag?pid=MTBDGQ7MKTNTQZ6Y&srno=b_13&ref=5e79a59d-9d55-42df-8f5f-9e8c369748b7
http://www.flipkart.com/farlin-disposable-breast-pads/p/itmdseathkhtxra7?pid=BRNDG586BBGY8MFZ&srno=b_14&ref=5e79a59d-9d55-42df-8f5f-9e8c369748b7
http://www.flipkart.com/farlin-baby-sunscreen-lotion-ha-01/p/itmdfxz6amtk9w8u?pid=MSCDFXZ5R5SEKZCX&srno=b_15&ref=5e79a59d-9d55-42df-8f5f-9e8c369748b7
http://www.flipkart.com/farlin-baby-moisturizing-lotion-hl-01/p/itmdfxz6gstwn7fr?pid=MSCDFXZ5P7ZZKGGS&srno=b_16&ref=5e79a59d-9d55-42df-8f5f-9e8c369748b7
http://www.flipkart.com/farlin-effort-saving-manual-breast-pump/p/itmdapwfktg8dfy9?pid=BRPDADNWHXURSMYE&srno=b_17&ref=5e79a59d-9d55-42df-8f5f-9e8c369748b7
http://www.flipkart.com/farlin-maternity-elastic-pantyhose/p/itmdqqa7ysfpggu8?pid=MTBDGQ7MZFDQFY8E&srno=b_18&ref=5e79a59d-9d55-42df-8f5f-9e8c369748b7
http://www.flipkart.com/farlin-baby-facial-cream-hl-03/p/itmdfxz6ag3vpxwd?pid=MSCDFXZ5SQMSPCP5&srno=b_19&ref=5e79a59d-9d55-42df-8f5f-9e8c369748b7
http://www.flipkart.com/farlin-free-direction-manual-breast-pump/p/itmdapwfy68fjazg?pid=BRPDADNWBQEXHM2E&srno=b_20&ref=5e79a59d-9d55-42df-8f5f-9e8c369748b7
http://www.flipkart.com/farlin-mother-skin-care-feminine-hygiene-foam-wash/p/itmdg583dgsgrhwz?pid=BSTDG573KYDSKD99&srno=b_21&ref=37aad578-bb38-4cf1-a813-d71f883aa7aa
http://www.flipkart.com/farlin-mother-skin-care-firming-lotion-whole-body-winter/p/itmdg583jgzywaed?pid=BSTDG573VQHGJ2ST&srno=b_22&ref=37aad578-bb38-4cf1-a813-d71f883aa7aa
http://www.flipkart.com/farlin-nursing-comport-balm/p/itmdfynqzpyeq4zy?pid=BPRDFYNP5MUWER2V&srno=b_23&ref=37aad578-bb38-4cf1-a813-d71f883aa7aa
http://www.flipkart.com/farlin-baby-moisturizing-cream-hl-02/p/itmdfxz6uxwyh9hx?pid=MSCDFXZ5KVQNVH7E&srno=b_24&ref=37aad578-bb38-4cf1-a813-d71f883aa7aa
http://www.flipkart.com/farlin-mother-skin-care-leg-relief-massage-lotion/p/itmdg583hqa7gcrj?pid=BSTDG573QT3AJKCF&srno=b_25&ref=37aad578-bb38-4cf1-a813-d71f883aa7aa
http://www.flipkart.com/farlin-baby-nappy-cream-hn-01/p/itmdfxz67txjadap?pid=MSCDFXZ5HWHYUUJJ&srno=b_26&ref=37aad578-bb38-4cf1-a813-d71f883aa7aa
http://www.flipkart.com/farlin-baby-powder-lotion-hp-01/p/itmdfxz6v9btfsgb?pid=MSCDFXZ5KWFZCEES&srno=b_27&ref=37aad578-bb38-4cf1-a813-d71f883aa7aa
http://www.flipkart.com/farlin-elastic-knee-socks/p/itmdgq7n44xubhaw?pid=MTBDGQ7MYNDHBQEA&srno=b_28&ref=37aad578-bb38-4cf1-a813-d71f883aa7aa
http://www.flipkart.com/farlin-mother-skin-care-firming-serum-whole-body-summer/p/itmdg583zdcp8qyu?pid=BSTDG573STEGNXR9&srno=b_29&ref=37aad578-bb38-4cf1-a813-d71f883aa7aa
http://www.flipkart.com/farlin-reshape-panties-underpants/p/itmdgq7nzpvkzfyv?pid=MTBDGQ7MTVFSGPWZ&srno=b_30&ref=37aad578-bb38-4cf1-a813-d71f883aa7aa
http://www.flipkart.com/farlin-washable-breast-pads/p/itmdgeaffmcxngvf?pid=BRNDADNHAASMWNX8&srno=b_1&ref=1899819d-8e43-4e5e-8c5f-13b8b3ab396e
http://www.flipkart.com/farlin-manual-breast-pump/p/itmdzbyzqsas4yhq?pid=BRPDZBWZJG8HUQPM&srno=b_2&ref=1899819d-8e43-4e5e-8c5f-13b8b3ab396e
http://www.flipkart.com/farlin-manual-plastic-breast-pump/p/itmdrybv2xhwkf74?pid=BRPDADNWYB9JGGBK&srno=b_3&ref=1899819d-8e43-4e5e-8c5f-13b8b3ab396e
http://www.flipkart.com/farlin-electric-breast-pump-kit-single/p/itmdrsfbfg7k6y2v?pid=BRPDADNWHCHREZBT&srno=b_4&ref=1899819d-8e43-4e5e-8c5f-13b8b3ab396e
http://www.flipkart.com/farlin-pregnancy-pillow/p/itmdg36xxzqfsx2h?pid=PLWDG35AQKPUASMJ&srno=b_5&ref=1899819d-8e43-4e5e-8c5f-13b8b3ab396e
http://www.flipkart.com/farlin-healthy-reshaping-girdle/p/itmdsrzd3pmudehx?pid=MTBDADZZZRJRGEAT&srno=b_6&ref=1899819d-8e43-4e5e-8c5f-13b8b3ab396e
http://www.flipkart.com/farlin-nipple-shield/p/itmdzbyzhczwge9a?pid=BRNDZBWYQJHVW2WT&srno=b_7&ref=1899819d-8e43-4e5e-8c5f-13b8b3ab396e
http://www.flipkart.com/farlin-adjustable-pregnancy-pillow/p/itmdg36xdrgbhanh?pid=PLWDG35AQMKEH37Q&srno=b_8&ref=1899819d-8e43-4e5e-8c5f-13b8b3ab396e
http://www.flipkart.com/farlin-healthy-reshaping-girdle/p/itmdgeauhtdkxzfp?pid=MTBDADZZ43HYUYHY&srno=b_9&ref=1899819d-8e43-4e5e-8c5f-13b8b3ab396e
http://www.flipkart.com/farlin-baby-moisturizing-lotion-hl-01/p/itmdfxz6gstwn7fr?pid=MSCDFXZ5P7ZZKGGS&srno=b_10&ref=1899819d-8e43-4e5e-8c5f-13b8b3ab396e
http://www.flipkart.com/farlin-manual-breast-pump/p/itmdapwfzasd2bax?pid=BRPDADNWFHHDWUSG&srno=b_11&ref=1899819d-8e43-4e5e-8c5f-13b8b3ab396e
http://www.flipkart.com/farlin-reshape-panties-underpants/p/itmdgq7npzfyhzbh?pid=MTBDGQ7MHKGECCCS&srno=b_12&ref=1899819d-8e43-4e5e-8c5f-13b8b3ab396e
http://www.flipkart.com/farlin-pregnancy-pillow/p/itmdg36xzbgtyzcy?pid=PLWDG35AZT6GSY3H&srno=b_13&ref=1899819d-8e43-4e5e-8c5f-13b8b3ab396e
http://www.flipkart.com/farlin-maternity-elastic-pantyhose/p/itmdgq7njsphqpag?pid=MTBDGQ7MKTNTQZ6Y&srno=b_14&ref=1899819d-8e43-4e5e-8c5f-13b8b3ab396e
http://www.flipkart.com/farlin-disposable-breast-pads/p/itmdseathkhtxra7?pid=BRNDG586BBGY8MFZ&srno=b_15&ref=1899819d-8e43-4e5e-8c5f-13b8b3ab396e
http://www.flipkart.com/farlin-baby-sunscreen-lotion-ha-01/p/itmdfxz6amtk9w8u?pid=MSCDFXZ5R5SEKZCX&srno=b_16&ref=1899819d-8e43-4e5e-8c5f-13b8b3ab396e
http://www.flipkart.com/farlin-effort-saving-manual-breast-pump/p/itmdapwfktg8dfy9?pid=BRPDADNWHXURSMYE&srno=b_17&ref=1899819d-8e43-4e5e-8c5f-13b8b3ab396e
http://www.flipkart.com/farlin-maternity-elastic-pantyhose/p/itmdqqa7ysfpggu8?pid=MTBDGQ7MZFDQFY8E&srno=b_18&ref=1899819d-8e43-4e5e-8c5f-13b8b3ab396e
http://www.flipkart.com/farlin-baby-facial-cream-hl-03/p/itmdfxz6ag3vpxwd?pid=MSCDFXZ5SQMSPCP5&srno=b_19&ref=1899819d-8e43-4e5e-8c5f-13b8b3ab396e
http://www.flipkart.com/farlin-free-direction-manual-breast-pump/p/itmdapwfy68fjazg?pid=BRPDADNWBQEXHM2E&srno=b_20&ref=1899819d-8e43-4e5e-8c5f-13b8b3ab396e
http://www.flipkart.com/farlin-mother-skin-care-feminine-hygiene-foam-wash/p/itmdg583dgsgrhwz?pid=BSTDG573KYDSKD99&srno=b_21&ref=e2afd8e8-bd9e-4fbe-aed2-432680e34218
http://www.flipkart.com/farlin-mother-skin-care-firming-lotion-whole-body-winter/p/itmdg583jgzywaed?pid=BSTDG573VQHGJ2ST&srno=b_22&ref=e2afd8e8-bd9e-4fbe-aed2-432680e34218
http://www.flipkart.com/farlin-nursing-comport-balm/p/itmdfynqzpyeq4zy?pid=BPRDFYNP5MUWER2V&srno=b_23&ref=e2afd8e8-bd9e-4fbe-aed2-432680e34218
http://www.flipkart.com/farlin-baby-moisturizing-cream-hl-02/p/itmdfxz6uxwyh9hx?pid=MSCDFXZ5KVQNVH7E&srno=b_24&ref=e2afd8e8-bd9e-4fbe-aed2-432680e34218
http://www.flipkart.com/farlin-baby-nappy-cream-hn-01/p/itmdfxz67txjadap?pid=MSCDFXZ5HWHYUUJJ&srno=b_25&ref=e2afd8e8-bd9e-4fbe-aed2-432680e34218
http://www.flipkart.com/farlin-baby-powder-lotion-hp-01/p/itmdfxz6v9btfsgb?pid=MSCDFXZ5KWFZCEES&srno=b_26&ref=e2afd8e8-bd9e-4fbe-aed2-432680e34218
http://www.flipkart.com/farlin-elastic-knee-socks/p/itmdgq7n44xubhaw?pid=MTBDGQ7MYNDHBQEA&srno=b_27&ref=e2afd8e8-bd9e-4fbe-aed2-432680e34218
http://www.flipkart.com/farlin-mother-skin-care-leg-relief-massage-lotion/p/itmdg583hqa7gcrj?pid=BSTDG573QT3AJKCF&srno=b_28&ref=e2afd8e8-bd9e-4fbe-aed2-432680e34218
http://www.flipkart.com/farlin-mother-skin-care-firming-serum-whole-body-summer/p/itmdg583zdcp8qyu?pid=BSTDG573STEGNXR9&srno=b_29&ref=e2afd8e8-bd9e-4fbe-aed2-432680e34218
http://www.flipkart.com/farlin-reshape-panties-underpants/p/itmdgq7nzpvkzfyv?pid=MTBDGQ7MTVFSGPWZ&srno=b_30&ref=e2afd8e8-bd9e-4fbe-aed2-432680e34218
