http://www.flipkart.com/body-shop-tea-tree-skin-clearing-face-wash/p/itmdmzrz9ha9baxb?pid=FCWDMZQWTFG7KTBQ&srno=b_1&ref=18da0913-e0db-49c9-aea1-ffe96c6dd31a
http://www.flipkart.com/body-shop-strawberry-shower-gel/p/itmdm9cfkhjdh4ag?pid=BWSDM9CFGHX8MZNT&srno=b_2&ref=18da0913-e0db-49c9-aea1-ffe96c6dd31a
http://www.flipkart.com/body-shop-strawberry-lip-balm/p/itmdm9hbnaphksgy?pid=LPBDM9HF8SH5GXPN&srno=b_3&ref=18da0913-e0db-49c9-aea1-ffe96c6dd31a
http://www.flipkart.com/body-shop-raspberry-lip-balm/p/itmdm9hbpqy3uj7u?pid=LPBDM9HFW4TACGM5&srno=b_4&ref=18da0913-e0db-49c9-aea1-ffe96c6dd31a
http://www.flipkart.com/body-shop-moringa-shower-gel/p/itmdm9cfbazgkxgp?pid=BWSDM9CF7EQ9QFE7&srno=b_5&ref=18da0913-e0db-49c9-aea1-ffe96c6dd31a
http://www.flipkart.com/body-shop-strawberry-butter/p/itmdngzgqxyfa6jq?pid=MSCDMEZUUKDDEWYZ&srno=b_6&ref=18da0913-e0db-49c9-aea1-ffe96c6dd31a
http://www.flipkart.com/body-shop-vitamin-e/p/itmdngzgfgqyyh4z?pid=MSCDMEZUXFPZKPG2&srno=b_7&ref=18da0913-e0db-49c9-aea1-ffe96c6dd31a
http://www.flipkart.com/body-shop-shea-shower-cream/p/itmdm9cfmrqgnhgr?pid=BWSDM9CFUSBWFEG6&srno=b_8&ref=18da0913-e0db-49c9-aea1-ffe96c6dd31a
http://www.flipkart.com/body-shop-sweet-lemon-shower-gel/p/itmdm9cfqkjushxj?pid=BWSDM9CFNJG8C8GF&srno=b_9&ref=18da0913-e0db-49c9-aea1-ffe96c6dd31a
http://www.flipkart.com/body-shop-vitamin-e-butter/p/itmdngzgpm6ujx6x?pid=MSCDMEZUPAUJTMMJ&srno=b_10&ref=18da0913-e0db-49c9-aea1-ffe96c6dd31a
http://www.flipkart.com/body-shop-strawberry-mist-100-ml/p/itmdrnvp3wbcehha?pid=DEODRNV7CVBDCH9A&srno=b_11&ref=18da0913-e0db-49c9-aea1-ffe96c6dd31a
http://www.flipkart.com/body-shop-vitamin-e-gentle-face-wash/p/itmdkwccfzghfxyb?pid=FCWDKWCBVBGR7GZV&srno=b_12&ref=18da0913-e0db-49c9-aea1-ffe96c6dd31a
http://www.flipkart.com/body-shop-tea-tree-mask/p/itmdmnhuch7rmx4t?pid=FCPDMNHQYQ8UYZMW&srno=b_13&ref=18da0913-e0db-49c9-aea1-ffe96c6dd31a
http://www.flipkart.com/body-shop-strawberry-puree/p/itmdngzgauqud6zr?pid=MSCDMEZUGZQMWGFM&srno=b_14&ref=18da0913-e0db-49c9-aea1-ffe96c6dd31a
http://www.flipkart.com/body-shop-cocoa-butter/p/itmdny6gunuyzpps?pid=MSCDHAYVAJRBAYCD&srno=b_15&ref=18da0913-e0db-49c9-aea1-ffe96c6dd31a
http://www.flipkart.com/body-shop-moringa-butter/p/itmdngzgkytumkgq?pid=MSCDMEZUUG5KF7ZR&srno=b_16&ref=35af0f80-73c8-46d1-9a12-b80fb2a00df4
http://www.flipkart.com/body-shop-born-lippy-stick-pink-berry-lip-balm/p/itmdm9hbqx9fuwej?pid=LPBDM9HFGJWXYQEY&srno=b_17&ref=35af0f80-73c8-46d1-9a12-b80fb2a00df4
http://www.flipkart.com/body-shop-moringa-mist-100-ml/p/itmdrnvp57hhxyet?pid=DEODRNV7FVGYYJZP&srno=b_18&ref=35af0f80-73c8-46d1-9a12-b80fb2a00df4
http://www.flipkart.com/body-shop-deep-cleansing-seaweed-face-wash/p/itmdkwccgrr3sspc?pid=FCWDKWCBSYHN8JDP&srno=b_19&ref=35af0f80-73c8-46d1-9a12-b80fb2a00df4
http://www.flipkart.com/body-shop-passionberry-lip-balm/p/itmdm9hbb8vtgh8k?pid=LPBDM9HFXWGMDYZU&srno=b_20&ref=35af0f80-73c8-46d1-9a12-b80fb2a00df4
http://www.flipkart.com/body-shop-cocoa-butter-hand/p/itmdngzg6n6y39ru?pid=MSCDMEZUGEBG5DGT&srno=b_21&ref=35af0f80-73c8-46d1-9a12-b80fb2a00df4
http://www.flipkart.com/body-shop-japanese-cherry-blossom-mist-100-ml/p/itmdrnvp6mza4zjg?pid=DEODRNV7MC2BJNDW&srno=b_22&ref=35af0f80-73c8-46d1-9a12-b80fb2a00df4
http://www.flipkart.com/body-shop-born-lippy-stick-plum-lip-balm/p/itmdrbg5hhexxyga?pid=LPBDR8BCYCFHG6MY&srno=b_23&ref=35af0f80-73c8-46d1-9a12-b80fb2a00df4
http://www.flipkart.com/body-shop-foundation-lip-butter/p/itmdrbhs8wgnhkgn?pid=LPBDR8BCKX926C8M&srno=b_24&ref=35af0f80-73c8-46d1-9a12-b80fb2a00df4
http://www.flipkart.com/body-shop-cocoa-butter-shower-cream/p/itmdrywgr3h3hdb6?pid=BWSDRYWFXQ7YZ7FM&srno=b_25&ref=35af0f80-73c8-46d1-9a12-b80fb2a00df4
http://www.flipkart.com/body-shop-tea-tree-wash/p/itmdkwccbffnz8nk?pid=BWSDKWCBRC6TQJD6&srno=b_26&ref=35af0f80-73c8-46d1-9a12-b80fb2a00df4
http://www.flipkart.com/body-shop-vitamin-e-face-lotion-spf-15/p/itmdngzgv8tkty3x?pid=MSCDMEZUZB28CPMG&srno=b_27&ref=35af0f80-73c8-46d1-9a12-b80fb2a00df4
http://www.flipkart.com/body-shop-born-lippy-stick-strawberry-lip-balm/p/itmdrbhsfwbvzacs?pid=LPBDR8BCRVXGJHVK&srno=b_28&ref=35af0f80-73c8-46d1-9a12-b80fb2a00df4
http://www.flipkart.com/body-shop-olive-butter/p/itmdngzgym9unump?pid=MSCDMEZUK47RDFRW&srno=b_29&ref=35af0f80-73c8-46d1-9a12-b80fb2a00df4
http://www.flipkart.com/body-shop-aloe-vera-gentle-face-wash/p/itmdmzrz3zzvdzhw?pid=FCWDMZQWUAEYWQYK&srno=b_30&ref=35af0f80-73c8-46d1-9a12-b80fb2a00df4
http://www.flipkart.com/body-shop-madagascan-vanilla-flower-mist-100-ml/p/itmdrnvphscmczm4?pid=DEODRNV7WBBDBBHK&srno=b_31&ref=8761f9b7-6455-45a5-98c5-f35b8b7d3ef3
http://www.flipkart.com/body-shop-atlas-mountain-rose-mist-100-ml/p/itmdrnvpqxr9yckw?pid=DEODRNV7ZJXDNWN2&srno=b_32&ref=8761f9b7-6455-45a5-98c5-f35b8b7d3ef3
http://www.flipkart.com/body-shop-watermelon-lip-balm/p/itmdrbhhakcnq58h?pid=LPBDR8BCS8NYGGFV&srno=b_33&ref=8761f9b7-6455-45a5-98c5-f35b8b7d3ef3
http://www.flipkart.com/body-shop-night-treatment-moisture-white/p/itmdhayvgaxr5fpc?pid=BSTDHAYVKNFQP2YH&srno=b_34&ref=8761f9b7-6455-45a5-98c5-f35b8b7d3ef3
http://www.flipkart.com/body-shop-vitamin-e-moisture-serum/p/itmdmezwjhh97xzt?pid=ATADMEZVP9ZPJZQS&srno=b_35&ref=8761f9b7-6455-45a5-98c5-f35b8b7d3ef3
http://www.flipkart.com/body-shop-satsuma-shimmer-lip-balm/p/itmdrbewruspdcpk?pid=LPBDR8BCZGQQHSQZ&srno=b_36&ref=8761f9b7-6455-45a5-98c5-f35b8b7d3ef3
http://www.flipkart.com/body-shop-sweet-pea-butter-duo/p/itmdngzgjnqq5tj6?pid=MSCDMEZUSWJGG7Z8&srno=b_37&ref=8761f9b7-6455-45a5-98c5-f35b8b7d3ef3
http://www.flipkart.com/body-shop-satsuma-butter/p/itmdngzgkes8guhk?pid=MSCDMEZUXGHCSUAZ&srno=b_38&ref=8761f9b7-6455-45a5-98c5-f35b8b7d3ef3
http://www.flipkart.com/body-shop-nutriganics-smoothing-mask/p/itmdmnhupnpnvfgy?pid=FCPDMNHQFUMGKJVP&srno=b_39&ref=8761f9b7-6455-45a5-98c5-f35b8b7d3ef3
http://www.flipkart.com/body-shop-honey-oat-3-1-scrub-mask/p/itmdhayvcujgkrt2?pid=FCTDHAYVG79ZRVGG&srno=b_40&ref=8761f9b7-6455-45a5-98c5-f35b8b7d3ef3
http://www.flipkart.com/body-shop-arber-hair-wash/p/itmdkwccn2m7cxgs?pid=BWSDKWCBVN7HBWJV&srno=b_41&ref=8761f9b7-6455-45a5-98c5-f35b8b7d3ef3
http://www.flipkart.com/body-shop-sweet-lemon-butter/p/itmdhayvvbzhq3yg?pid=MSCDHAYVTQDGZYAM&srno=b_42&ref=8761f9b7-6455-45a5-98c5-f35b8b7d3ef3
http://www.flipkart.com/body-shop-vitamin-c-skin-boost/p/itmdmnhu3pk4p3gs?pid=FCPDMNHQVTFSETQY&srno=b_43&ref=8761f9b7-6455-45a5-98c5-f35b8b7d3ef3
http://www.flipkart.com/body-shop-camomile-gentle-eye-make-up-remover/p/itmdm9hbyrazv9c2?pid=ECMDM9HFM6SKVTFF&srno=b_44&ref=8761f9b7-6455-45a5-98c5-f35b8b7d3ef3
http://www.flipkart.com/body-shop-shea-lip-butter/p/itmdrcpzas63gyef?pid=LPBDRCPYK3PCHKRP&srno=b_45&ref=8761f9b7-6455-45a5-98c5-f35b8b7d3ef3
http://www.flipkart.com/body-shop-seaweed-ionic-clay-mask/p/itmdmnhue4zkajtn?pid=FCPDMNHQZG4HCZKS&srno=b_46&ref=248a963c-6466-432d-af68-1b47c33c3511
http://www.flipkart.com/body-shop-shea-mist-100-ml/p/itmdrnvpfgwgpgzz?pid=DEODRNV7VTZSWZFF&srno=b_47&ref=248a963c-6466-432d-af68-1b47c33c3511
http://www.flipkart.com/body-shop-honey-oat-3-1-scrub-mask/p/itmdhayvbzbbpqgg?pid=BSTDHAYVCZBXDNSH&srno=b_48&ref=248a963c-6466-432d-af68-1b47c33c3511
http://www.flipkart.com/body-shop-born-lippy-stick-lychee-lip-balm/p/itmdrbhswbzpjbgy?pid=LPBDR8BCJJE3EPDZ&srno=b_49&ref=248a963c-6466-432d-af68-1b47c33c3511
http://www.flipkart.com/body-shop-floral-acai-butter-duo/p/itmdngzg7kgjemf4?pid=MSCDMEZUBVZYYEQ6&srno=b_50&ref=248a963c-6466-432d-af68-1b47c33c3511
http://www.flipkart.com/body-shop-sweet-lemon-lip-butter/p/itmdrjeukz5rrfhd?pid=LPBDRJESCGM4TWGJ&srno=b_51&ref=248a963c-6466-432d-af68-1b47c33c3511
http://www.flipkart.com/body-shop-grapeseed-glossing-serum/p/itmdmugzrmmyjhfx?pid=HSMDM9KNCYGHGRCZ&srno=b_52&ref=248a963c-6466-432d-af68-1b47c33c3511
http://www.flipkart.com/body-shop-vanilla-mist-100-ml/p/itmdrnvpyygszdwg?pid=DEODRNV7Y24R5HJG&srno=b_53&ref=248a963c-6466-432d-af68-1b47c33c3511
http://www.flipkart.com/body-shop-elderflower-cooling-eye-gel/p/itmdm9hbsfx7etxe?pid=EGLDM9HFQZKFHZHD&srno=b_54&ref=248a963c-6466-432d-af68-1b47c33c3511
http://www.flipkart.com/body-shop-satsuma-mist-100-ml/p/itmdrnvp2fwnjhmt?pid=DEODRNV7KNSEVQUK&srno=b_55&ref=248a963c-6466-432d-af68-1b47c33c3511
http://www.flipkart.com/body-shop-indian-night-jasmine-mist-100-ml/p/itmdrnvpxchgcxdv?pid=DEODRNV7YJ8CM4MG&srno=b_56&ref=248a963c-6466-432d-af68-1b47c33c3511
http://www.flipkart.com/body-shop-white-musk-libertine-mist-100-ml/p/itmdrnvpjycsgura?pid=DEODRNV7E9WKRN3F&srno=b_57&ref=248a963c-6466-432d-af68-1b47c33c3511
http://www.flipkart.com/body-shop-butter-macadamia-duo/p/itmdngzg5cgtm3hz?pid=MSCDMEZUGQHGFWQU&srno=b_58&ref=248a963c-6466-432d-af68-1b47c33c3511
http://www.flipkart.com/body-shop-kistna-hair/p/itmdm9cfwczzu5dg?pid=BWSDM9CFRAZZCZ5P&srno=b_59&ref=248a963c-6466-432d-af68-1b47c33c3511
http://www.flipkart.com/body-shop-night-treatment-moisture-white/p/itmdhayvtvzexvqm?pid=FCTDHAYVZWQHTBXH&srno=b_60&ref=248a963c-6466-432d-af68-1b47c33c3511
http://www.flipkart.com/body-shop-nutriganics-softening-cleansing-gel/p/itmdze5gmevpnynw?pid=CNRDMEZVPMZXYEQ5&srno=b_61&ref=05c6399d-fa6e-4bd0-a2b4-f93de648323f
http://www.flipkart.com/body-shop-nutriganics-smoothing-day/p/itmdmt47bzy7kmg5?pid=ATADMT46MCKFCNYH&srno=b_62&ref=05c6399d-fa6e-4bd0-a2b4-f93de648323f
http://www.flipkart.com/geparlys-ipno-enigma-eau-de-parfum-100-ml/p/itmdnf8n8hhawzm4?pid=PERDNF86FBNNMB5J&srno=b_63&ref=05c6399d-fa6e-4bd0-a2b4-f93de648323f
http://www.flipkart.com/body-shop-seaweed-purifying-facial-cleanser/p/itmdzqgczpajpzeg?pid=CNRDZQG8V5G39EPU&srno=b_64&ref=05c6399d-fa6e-4bd0-a2b4-f93de648323f
http://www.flipkart.com/body-shop-cocoa-butter-breamy-wash/p/itmdkwcc5ujghjys?pid=BWSDKWCB7PNDF2M4&srno=b_65&ref=05c6399d-fa6e-4bd0-a2b4-f93de648323f
http://www.flipkart.com/body-shop-japanese-cherry-blossom-shower-gel/p/itmdm9cfwewyhaau?pid=BWSDM9CF7GKQZUYK&srno=b_66&ref=05c6399d-fa6e-4bd0-a2b4-f93de648323f
http://www.flipkart.com/body-shop-born-lippy-stick-toffee-lip-balm/p/itmdrbgb9sfdduup?pid=LPBDR8BCV8SJX2GP&srno=b_67&ref=05c6399d-fa6e-4bd0-a2b4-f93de648323f
