14:02:2014,bath-and-spa,Phytomer.,Phytomer Oligomer Well Being Invigorating Moisture Shower Cream,Price: Not Available,http://img5a.flixcart.com/image/body-wash/7/p/h/phytomer-200-oligomer-well-being-invigorating-moisture-shower-400x400-imadrrxzyvuudufe.jpeg,(200 ml),Price: Not Available,WS Retail,http://www.flipkart.com/phytomer-oligomer-well-being-invigorating-moisture-shower-cream/p/itmdrre8hjany29z?pid=BWSDRRE5ECT897PH&srno=b_1&ref=4c128a46-0fe1-4af5-b106-604d0f19c304,no sku defined,No size defined
