http://www.flipkart.com/farlin-washable-breast-pads/p/itmdgeaffmcxngvf?pid=BRNDADNHAASMWNX8&srno=b_1&ref=c4ba2b7e-5f7f-47c0-b2cc-62969d719150
http://www.flipkart.com/farlin-baby-clothing-detergent/p/itmdgea6mbp4cmzm?pid=LDTDAHUXCKDDARZH&srno=b_2&ref=c4ba2b7e-5f7f-47c0-b2cc-62969d719150
http://www.flipkart.com/farlin-bottle-nipple-brush/p/itmdgeajqzdgvfvv?pid=BCLDADKTAAV98HSY&srno=b_3&ref=c4ba2b7e-5f7f-47c0-b2cc-62969d719150
http://www.flipkart.com/farlin-safety-door-stopper/p/itmdapvpeszbqzsn?pid=BPFDADKFXNYCTJFB&srno=b_4&ref=c4ba2b7e-5f7f-47c0-b2cc-62969d719150
http://www.flipkart.com/farlin-baby-s-first-toothbrush/p/itmdgeb2gbf99zgn?pid=THBDAGSPDZ9HSYG9&srno=b_5&ref=c4ba2b7e-5f7f-47c0-b2cc-62969d719150
http://www.flipkart.com/nuby-all-natural-clean-gentle-laundry-detergent/p/itmddgwuwgqzkvrg?pid=LDTDDGWSBAKEMZZB&srno=b_6&ref=c4ba2b7e-5f7f-47c0-b2cc-62969d719150
http://www.flipkart.com/farlin-manual-plastic-breast-pump/p/itmdrybv2xhwkf74?pid=BRPDADNWYB9JGGBK&srno=b_7&ref=c4ba2b7e-5f7f-47c0-b2cc-62969d719150
http://www.flipkart.com/farlin-toilet-seat/p/itmdapw2tkfgzfh7?pid=PSBDAGXFFJGHZJZY&srno=b_8&ref=c4ba2b7e-5f7f-47c0-b2cc-62969d719150
http://www.flipkart.com/farlin-multi-use-guard-table-edge/p/itmdapvpnfzhgb4r?pid=BPFDADKFXEQHT2AS&srno=b_9&ref=c4ba2b7e-5f7f-47c0-b2cc-62969d719150
http://www.flipkart.com/farlin-safety-guard-table-edge/p/itmdgeb7ybt58xvm?pid=BPFDADKFBG5APHWB&srno=b_10&ref=c4ba2b7e-5f7f-47c0-b2cc-62969d719150
http://www.flipkart.com/farlin-safety-guard-table-edge/p/itmdapvpctmuzrzp?pid=BPFDADKF4VWMUXKH&srno=b_11&ref=c4ba2b7e-5f7f-47c0-b2cc-62969d719150
http://www.flipkart.com/farlin-feeding-bottle-wash/p/itmdqb34rf8zdffx?pid=APCDAHWPQNEGCHNK&srno=b_12&ref=c4ba2b7e-5f7f-47c0-b2cc-62969d719150
http://www.flipkart.com/farlin-bath-ball/p/itmdgeb6vkdvgzpg?pid=BSGDFWGERMQAKGMN&srno=b_13&ref=c4ba2b7e-5f7f-47c0-b2cc-62969d719150
http://www.flipkart.com/farlin-normal-pacifier/p/itmdgeb6myn7py9e?pid=TSODG2WQVVAHYEFY&srno=b_14&ref=c4ba2b7e-5f7f-47c0-b2cc-62969d719150
http://www.flipkart.com/nuby-cotton-bud-sticks-zip-lock-pouch/p/itmdak9hzn2rme2z?pid=CPBDAK9H7DGUGCKR&srno=b_15&ref=c4ba2b7e-5f7f-47c0-b2cc-62969d719150
http://www.flipkart.com/farlin-healthy-reshaping-girdle/p/itmdsrzd3pmudehx?pid=MTBDADZZZRJRGEAT&srno=b_16&ref=c4ba2b7e-5f7f-47c0-b2cc-62969d719150
http://www.flipkart.com/farlin-feeding-bottle-wash-refill/p/itmdgeanghxzhvtr?pid=APCDAHWPNZRW2FXB&srno=b_17&ref=c4ba2b7e-5f7f-47c0-b2cc-62969d719150
http://www.flipkart.com/nuby-tie-n-toss-dirty-diaper-bag-dispenser-disposable-women/p/itmdz2vvfafdtx2a?pid=DBGDZ2VPCVNFYACW&srno=b_18&ref=c4ba2b7e-5f7f-47c0-b2cc-62969d719150
http://www.flipkart.com/nuby-no-spill-sports-sipper/p/itmdekk4cbakybwp?pid=SICDEKH6JZXDUV5U&srno=b_19&ref=c4ba2b7e-5f7f-47c0-b2cc-62969d719150
http://www.flipkart.com/farlin-safety-bed-rail/p/itmdgeayqk9j5hsn?pid=BPFDADKFVASHH9GY&srno=b_20&ref=c4ba2b7e-5f7f-47c0-b2cc-62969d719150
http://www.flipkart.com/farlin-tableware-set/p/itmdgeadjghhfhkk?pid=FDUDFYSE5X2ZGKCV&srno=b_21&ref=eafcda9c-d045-445b-846f-5154f509ea15
http://www.flipkart.com/farlin-nipple-shield/p/itmdzbyzhczwge9a?pid=BRNDZBWYQJHVW2WT&srno=b_22&ref=eafcda9c-d045-445b-846f-5154f509ea15
http://www.flipkart.com/nuby-gum-eez-first-teether/p/itmdnybdp4avtzye?pid=TSODNYB9JPHQGGHN&srno=b_23&ref=eafcda9c-d045-445b-846f-5154f509ea15
http://www.flipkart.com/farlin-free-drop-powder-puff/p/itmdapwqarf8r6ca?pid=PPFDAGYCMFGUJV7K&srno=b_24&ref=eafcda9c-d045-445b-846f-5154f509ea15
http://www.flipkart.com/farlin-baby-clothing-detergent/p/itmdgeajdzgfzsy4?pid=LDTDAHUXDNQHYZ7J&srno=b_25&ref=eafcda9c-d045-445b-846f-5154f509ea15
http://www.flipkart.com/nuby-no-spill-flip-it-cup/p/itmdekk4etzp9sv9?pid=SICDEKH6EUZ6XFUS&srno=b_26&ref=eafcda9c-d045-445b-846f-5154f509ea15
http://www.flipkart.com/nuby-deluxe-2-in-1-electric-warmer-sterilizer/p/itmdnyb5bk34vywk?pid=STWDNYB3WCSXBHFA&srno=b_27&ref=eafcda9c-d045-445b-846f-5154f509ea15
http://www.flipkart.com/farlin-manual-breast-pump/p/itmdzbyzqsas4yhq?pid=BRPDZBWZJG8HUQPM&srno=b_28&ref=eafcda9c-d045-445b-846f-5154f509ea15
http://www.flipkart.com/nuby-no-spill-insulated-flip-it/p/itmdekk4cntjrkrf?pid=SICDEKH6U5EPNM4S&srno=b_29&ref=eafcda9c-d045-445b-846f-5154f509ea15
http://www.flipkart.com/farlin-orthodontic-set/p/itmdrybvtggrhf2q?pid=TSODADJTXUZVNGPC&srno=b_30&ref=eafcda9c-d045-445b-846f-5154f509ea15
http://www.flipkart.com/farlin-electric-breast-pump-kit-single/p/itmdrsfbfg7k6y2v?pid=BRPDADNWHCHREZBT&srno=b_31&ref=eafcda9c-d045-445b-846f-5154f509ea15
http://www.flipkart.com/nuby-bottle-nipple-brush-sponge-tip/p/itmdaptm6psk5hxc?pid=BCLDADKT769HBXUG&srno=b_32&ref=eafcda9c-d045-445b-846f-5154f509ea15
http://www.flipkart.com/farlin-adjustable-pregnancy-pillow/p/itmdg36xdrgbhanh?pid=PLWDG35AQMKEH37Q&srno=b_33&ref=eafcda9c-d045-445b-846f-5154f509ea15
http://www.flipkart.com/farlin-gum-soother/p/itmdtfwwabmzxmjm?pid=TSODFZNZFSYHHZE2&srno=b_34&ref=eafcda9c-d045-445b-846f-5154f509ea15
http://www.flipkart.com/farlin-safety-pins/p/itmdgeb6wgzt3dy4?pid=BPFDG335QZ9G5G2F&srno=b_35&ref=eafcda9c-d045-445b-846f-5154f509ea15
http://www.flipkart.com/nuby-flip-it-non-drip-straw-mega-sipper/p/itmdbdytksfhwzek?pid=SICDAT9MGR6VHAMF&srno=b_36&ref=eafcda9c-d045-445b-846f-5154f509ea15
http://www.flipkart.com/nuby-sure-grip-bowl-silicone-food-grade-plastic/p/itmdnwdyhrxetwug?pid=FDUDNWDPNG4VUHYE&srno=b_37&ref=eafcda9c-d045-445b-846f-5154f509ea15
http://www.flipkart.com/farlin-compact-automatic-steam-sterilizer-3-slots/p/itmdgeb98n9hahjy?pid=STWDFYZDJSJNPJ3V&srno=b_38&ref=eafcda9c-d045-445b-846f-5154f509ea15
http://www.flipkart.com/farlin-food-grinder/p/itmdgeb6zfrjxpwx?pid=BFMDG575T5QZBSSX&srno=b_39&ref=eafcda9c-d045-445b-846f-5154f509ea15
http://www.flipkart.com/farlin-cooling-gum-soother/p/itmdgeb9gywb7fy4?pid=TSODFZKZ4RVHUAFK&srno=b_40&ref=eafcda9c-d045-445b-846f-5154f509ea15
http://www.flipkart.com/farlin-sterilizing-bottle-tongs/p/itmdeth2ggznwghh?pid=BTGDE64Z69SJUFJS&srno=b_41&ref=361e1ea0-97d6-49cd-8001-fb15b5ce0fd3
http://www.flipkart.com/nuby-bottle-drying-rack/p/itmdnyapxgrphwea?pid=DRKDNYAF5RHYZZQX&srno=b_42&ref=361e1ea0-97d6-49cd-8001-fb15b5ce0fd3
http://www.flipkart.com/farlin-baby-clothing-detergent/p/itmdbdyv8vg9vpqu?pid=LDTDAHUXFGGB7E37&srno=b_43&ref=361e1ea0-97d6-49cd-8001-fb15b5ce0fd3
http://www.flipkart.com/farlin-bottle-straw-brush-set/p/itmdgeb2tzxs2g94?pid=BCLDADKTXHAKFBAH&srno=b_44&ref=361e1ea0-97d6-49cd-8001-fb15b5ce0fd3
http://www.flipkart.com/farlin-pregnancy-pillow/p/itmdg36xxzqfsx2h?pid=PLWDG35AEZTQMDGZ&srno=b_45&ref=361e1ea0-97d6-49cd-8001-fb15b5ce0fd3
http://www.flipkart.com/farlin-padded-baby-neck-protector/p/itmdgea7gxcewcq4?pid=PLWDAG5RN9993TH8&srno=b_46&ref=361e1ea0-97d6-49cd-8001-fb15b5ce0fd3
http://www.flipkart.com/farlin-feeding-bottle-wash/p/itmdapwk2tsbbdtt?pid=APCDAHWPGANGMYZQ&srno=b_47&ref=361e1ea0-97d6-49cd-8001-fb15b5ce0fd3
http://www.flipkart.com/farlin-auto-close-pacifier/p/itmdqhf86reuhhp4?pid=TSODADJTCRPZJDYZ&srno=b_48&ref=361e1ea0-97d6-49cd-8001-fb15b5ce0fd3
http://www.flipkart.com/farlin-silicone-gum-soother/p/itmdqrepgf7ekcep?pid=TSODFZNZQCM3YA4F&srno=b_49&ref=361e1ea0-97d6-49cd-8001-fb15b5ce0fd3
http://www.flipkart.com/farlin-fish-shape-nail-clipper/p/itmdgeb7b4zeukwd?pid=NCCDFXDVFWKVUKVG&srno=b_50&ref=361e1ea0-97d6-49cd-8001-fb15b5ce0fd3
http://www.flipkart.com/farlin-de-mite-liquid-detergent/p/itmdbdyvcfhjfqfg?pid=LDTDAHUXM7ZC48FG&srno=b_51&ref=361e1ea0-97d6-49cd-8001-fb15b5ce0fd3
http://www.flipkart.com/nuby-medicine-spoon/p/itmdbdfybzbyhgjr?pid=FDUDADGUJTE2ZSWT&srno=b_52&ref=361e1ea0-97d6-49cd-8001-fb15b5ce0fd3
http://www.flipkart.com/farlin-silicone-gum-soother/p/itmdgeb93gayvsgh?pid=TSODFZNZZVHKFQ8Z&srno=b_53&ref=361e1ea0-97d6-49cd-8001-fb15b5ce0fd3
http://www.flipkart.com/farlin-silicone-spoon/p/itmdgeb6xyabbhtk?pid=FDUDADGUQ4HVBWHW&srno=b_54&ref=361e1ea0-97d6-49cd-8001-fb15b5ce0fd3
http://www.flipkart.com/farlin-bottle-warmer-double-bottles/p/itmdbdyug5kunj4h?pid=BTCDAGVHZKP9HPSA&srno=b_55&ref=361e1ea0-97d6-49cd-8001-fb15b5ce0fd3
http://www.flipkart.com/farlin-healthy-reshaping-girdle/p/itmdgeauhtdkxzfp?pid=MTBDADZZ43HYUYHY&srno=b_56&ref=361e1ea0-97d6-49cd-8001-fb15b5ce0fd3
http://www.flipkart.com/nuby-all-natural-baby-shampoo-10020/p/itmddjy6bgqpgfbq?pid=SMPDDJY49HMEZMVW&srno=b_57&ref=361e1ea0-97d6-49cd-8001-fb15b5ce0fd3
http://www.flipkart.com/farlin-free-drop-powder-puff/p/itmdgeb7jdtwkpdz?pid=PPFDFWF7MDXY82D5&srno=b_58&ref=361e1ea0-97d6-49cd-8001-fb15b5ce0fd3
http://www.flipkart.com/nuby-storage-bowl-feeding-spoon-polypropylene/p/itmdbdfyu6muygr3?pid=FDUDADGUNKYCDYFY&srno=b_59&ref=361e1ea0-97d6-49cd-8001-fb15b5ce0fd3
http://www.flipkart.com/farlin-cooling-gum-soother/p/itmdrqxzedquzzzj?pid=TSODFZNZRWBUGVMU&srno=b_60&ref=361e1ea0-97d6-49cd-8001-fb15b5ce0fd3
http://www.flipkart.com/farlin-de-mite-powder-detergent/p/itmdse8zyshgggmw?pid=LDTDAHUXUXMV5TG6&srno=b_61&ref=e33040b1-3dd3-4ec7-aef8-354be00847dc
http://www.flipkart.com/nuby-prism-orthodontic-pacifiers-handle/p/itmds3cnf7rvhgft?pid=TSODADJTXE5NSEZ5&srno=b_62&ref=e33040b1-3dd3-4ec7-aef8-354be00847dc
http://www.flipkart.com/farlin-powder-puff/p/itmdgeb6ejmyzsfk?pid=PPFDFWF79HH2U3TV&srno=b_63&ref=e33040b1-3dd3-4ec7-aef8-354be00847dc
http://www.flipkart.com/nuby-comb-brush/p/itmdzbyhqb2wrngg?pid=BBCDZBWRN35HTJDH&srno=b_64&ref=e33040b1-3dd3-4ec7-aef8-354be00847dc
http://www.flipkart.com/nuby-cotton-swabs-sterlized-double-tipped-buds/p/itmdak9h6pj57tvr?pid=CPBDAK9HBVZ5SHDK&srno=b_65&ref=e33040b1-3dd3-4ec7-aef8-354be00847dc
http://www.flipkart.com/nuby-icybite-teether/p/itmdcfz2rgxyzzxz?pid=TSODCFYPVWJ4E5YG&srno=b_66&ref=e33040b1-3dd3-4ec7-aef8-354be00847dc
http://www.flipkart.com/farlin-baby-diaper-medium/p/itmdbdffguhatymc?pid=DPRDADE2GVUFH42A&srno=b_67&ref=e33040b1-3dd3-4ec7-aef8-354be00847dc
http://www.flipkart.com/nuby-snack-keeper/p/itmdz2wnkzvxetfg?pid=FDUDZ2WH9UGFHACA&srno=b_68&ref=e33040b1-3dd3-4ec7-aef8-354be00847dc
http://www.flipkart.com/farlin-cooling-gum-soother/p/itmdqhf8mkwh8gtj?pid=TSODFZKZG55CBY5E&srno=b_69&ref=e33040b1-3dd3-4ec7-aef8-354be00847dc
http://www.flipkart.com/nuby-lnc-handle-cup/p/itmdbdytmtuyzsvg?pid=SICDAT9MSMPGHTGF&srno=b_70&ref=e33040b1-3dd3-4ec7-aef8-354be00847dc
http://www.flipkart.com/farlin-milk-powder-container-tall-plastic/p/itmdgeb6p9rxwnmp?pid=FDUDFYMGQ8MXZGEY&srno=b_71&ref=e33040b1-3dd3-4ec7-aef8-354be00847dc
http://www.flipkart.com/nuby-medical-kit/p/itmdry7smvvcfgzg?pid=BBCDRY7QERFVJGR2&srno=b_72&ref=e33040b1-3dd3-4ec7-aef8-354be00847dc
http://www.flipkart.com/nuby-baby-nail-scissors/p/itmdasyggjwhnnsc?pid=SCIDAJ6AFZWGMUWP&srno=b_73&ref=e33040b1-3dd3-4ec7-aef8-354be00847dc
http://www.flipkart.com/nuby-no-spill-super-spout-cup/p/itmdekk487f66sfy?pid=SICDEKH6RN69ANQJ&srno=b_74&ref=e33040b1-3dd3-4ec7-aef8-354be00847dc
http://www.flipkart.com/farlin-2-1-bottle-nipple-brushes/p/itmdzhwfpxsgavgc?pid=BCLDZHWE4FZT8KTP&srno=b_75&ref=e33040b1-3dd3-4ec7-aef8-354be00847dc
http://www.flipkart.com/farlin-gum-soother/p/itmdgeb9mvwydzgk?pid=TSODFZKZMZXBSTQH&srno=b_76&ref=e33040b1-3dd3-4ec7-aef8-354be00847dc
http://www.flipkart.com/farlin-auto-close-pacifier/p/itmdgeb6ymysgten?pid=TSODG2WQWNRGXFUR&srno=b_77&ref=e33040b1-3dd3-4ec7-aef8-354be00847dc
http://www.flipkart.com/nuby-no-spill-flip-it/p/itmdrywyg63d8vv3?pid=SICDEKH64Z5ZVY5W&srno=b_78&ref=e33040b1-3dd3-4ec7-aef8-354be00847dc
http://www.flipkart.com/nuby-all-natural-baby-shampoo-10041/p/itmddjy6azbvzsfx?pid=SMPDDJY4EFQZJ5HS&srno=b_79&ref=e33040b1-3dd3-4ec7-aef8-354be00847dc
http://www.flipkart.com/farlin-oxygenic-enzyme-detergent/p/itmdbdyv5utxec8z?pid=LDTDAHUXYUNWBVUE&srno=b_80&ref=e33040b1-3dd3-4ec7-aef8-354be00847dc
http://www.flipkart.com/farlin-cooling-gum-soother/p/itmdgeb9utuc9xkc?pid=TSODFZKZ2GGQ52Y8&srno=b_81&ref=8d16d49f-0f48-49f5-8e63-6e32f591a4ba
http://www.flipkart.com/nuby-travel-time-bowl-set-polypropylene/p/itmdbdfyp3zmhhg2?pid=FDUDADGU53ZYSZRT&srno=b_82&ref=8d16d49f-0f48-49f5-8e63-6e32f591a4ba
http://www.flipkart.com/farlin-manual-breast-pump/p/itmdapwfzasd2bax?pid=BRPDADNWFHHDWUSG&srno=b_83&ref=8d16d49f-0f48-49f5-8e63-6e32f591a4ba
http://www.flipkart.com/farlin-soft-spout-cup/p/itmdqvu3uxytesud?pid=SICDFZK6EDZV8ZFM&srno=b_84&ref=8d16d49f-0f48-49f5-8e63-6e32f591a4ba
http://www.flipkart.com/farlin-non-spill-training-cup/p/itmdgeb9uf5zzzav?pid=SICDFZK6FZYBJFE6&srno=b_85&ref=8d16d49f-0f48-49f5-8e63-6e32f591a4ba
http://www.flipkart.com/farlin-gum-soother/p/itmdgeb9hfnf82dq?pid=TSODFZKZVH5GMF5H&srno=b_86&ref=8d16d49f-0f48-49f5-8e63-6e32f591a4ba
http://www.flipkart.com/nuby-all-natural-diaper-rash-ointment-77030/p/itmddhpbwaqbpwuf?pid=MSCDDHZ9JNCMEQNF&srno=b_87&ref=8d16d49f-0f48-49f5-8e63-6e32f591a4ba
http://www.flipkart.com/farlin-cooling-gum-soother/p/itmdgeb9ahcbgk2j?pid=TSODFZNZ4W6GM7UZ&srno=b_88&ref=8d16d49f-0f48-49f5-8e63-6e32f591a4ba
http://www.flipkart.com/farlin-milk-powder-container-tall-polypropylene/p/itmdgebybzhz8cwy?pid=FDUDFYMGR5TV2G98&srno=b_89&ref=8d16d49f-0f48-49f5-8e63-6e32f591a4ba
http://www.flipkart.com/farlin-microwave-sterilization-set-without-feeding-bottles/p/itmdgeb9euqnsg8k?pid=STWDFYZDGKTHDGZZ&srno=b_90&ref=8d16d49f-0f48-49f5-8e63-6e32f591a4ba
http://www.flipkart.com/farlin-free-drop-powder-puff/p/itmdgeb7ygdh3g57?pid=PPFDFWF7CSHGGYJU&srno=b_91&ref=8d16d49f-0f48-49f5-8e63-6e32f591a4ba
http://www.flipkart.com/farlin-baby-cuddler/p/itmdgea5wscuhhez?pid=BCCDAGYQPFC97SGT&srno=b_92&ref=8d16d49f-0f48-49f5-8e63-6e32f591a4ba
http://www.flipkart.com/farlin-baby-diaper-pants-large/p/itmdgeb6bmtpearm?pid=DPRDG2UTUBHS8HPC&srno=b_93&ref=8d16d49f-0f48-49f5-8e63-6e32f591a4ba
http://www.flipkart.com/farlin-animal-design-baby-pillow/p/itmdbdyuzmzchjpq?pid=PLWDAG5R3BMDRVUA&srno=b_94&ref=8d16d49f-0f48-49f5-8e63-6e32f591a4ba
http://www.flipkart.com/nuby-dual-flo-cup/p/itmdekk4nnj9khz5?pid=SICDEKH6VY6UNMQN&srno=b_95&ref=8d16d49f-0f48-49f5-8e63-6e32f591a4ba
http://www.flipkart.com/farlin-gum-soother/p/itmdgeb9h4hzkwgj?pid=TSODFZKZFF3TW6P7&srno=b_96&ref=8d16d49f-0f48-49f5-8e63-6e32f591a4ba
http://www.flipkart.com/farlin-medi-feeder/p/itmdsrz3vapjgqgm?pid=FDUDFYNGFVVR3GRT&srno=b_97&ref=8d16d49f-0f48-49f5-8e63-6e32f591a4ba
http://www.flipkart.com/farlin-safety-pins/p/itmdgeb6suubqnss?pid=BPFDG3353HYF53RR&srno=b_98&ref=8d16d49f-0f48-49f5-8e63-6e32f591a4ba
http://www.flipkart.com/farlin-baby-wet-wipes-skincare/p/itmdgeb6urqynjw9?pid=WIPDFWKJCFBYENN8&srno=b_99&ref=8d16d49f-0f48-49f5-8e63-6e32f591a4ba
http://www.flipkart.com/farlin-changing-mat/p/itmdsu35yhejykan?pid=MATDAHY8BPKMPB7G&srno=b_100&ref=8d16d49f-0f48-49f5-8e63-6e32f591a4ba
http://www.flipkart.com/nuby-wacky-ware-microwavable-polypropylene/p/itmds3cqg5ctyhjf?pid=FDUDADGUCHXYQKFR&srno=b_101&ref=abadd9f5-9776-4397-94a6-56bb657a6f7c
http://www.flipkart.com/farlin-baby-walker-rocking-chair/p/itmdgebfynrtfyfx?pid=WLKDFYPDTGJZPDWD&srno=b_102&ref=abadd9f5-9776-4397-94a6-56bb657a6f7c
http://www.flipkart.com/nuby-bpa-free-pacifiers-3d-bug/p/itmdbdyyzmdbzag5?pid=TSODADJTPUYFJZPK&srno=b_103&ref=abadd9f5-9776-4397-94a6-56bb657a6f7c
http://www.flipkart.com/farlin-reshape-panties-underpants/p/itmdgq7npzfyhzbh?pid=MTBDGQ7MHKGECCCS&srno=b_104&ref=abadd9f5-9776-4397-94a6-56bb657a6f7c
http://www.flipkart.com/farlin-pc-tongs-non-toxic-plastic-sterilization-bottle/p/itmdhty5xmmfkgqn?pid=BTGDHTY2YYH2THB8&srno=b_105&ref=abadd9f5-9776-4397-94a6-56bb657a6f7c
http://www.flipkart.com/farlin-safety-cotton-buds/p/itmdak9myewxzsk7?pid=CPBDAK9HYBJYU4DD&srno=b_106&ref=abadd9f5-9776-4397-94a6-56bb657a6f7c
http://www.flipkart.com/farlin-baby-square-pillow/p/itmdgeb6hmhfrpa7?pid=PLWDAG5RFWAYAXHX&srno=b_107&ref=abadd9f5-9776-4397-94a6-56bb657a6f7c
http://www.flipkart.com/farlin-cotton-buds-bf-113-yellow/p/itmdfxcagz7hs3ft?pid=CPBDFXC9JNJXKDTY&srno=b_108&ref=abadd9f5-9776-4397-94a6-56bb657a6f7c
http://www.flipkart.com/nuby-coolbite-fruit-teether/p/itmdbdyykcfzjffz?pid=TSODADJTZQVHFTH4&srno=b_109&ref=abadd9f5-9776-4397-94a6-56bb657a6f7c
http://www.flipkart.com/farlin-silicone-spoon/p/itmdqvu32wzs2h68?pid=FDUDADGUY5TZYRKG&srno=b_110&ref=abadd9f5-9776-4397-94a6-56bb657a6f7c
http://www.flipkart.com/farlin-360-degree-baby-bowl/p/itmdgeb6uzfftbxp?pid=FDUDFYK7FGDEZCUH&srno=b_111&ref=abadd9f5-9776-4397-94a6-56bb657a6f7c
http://www.flipkart.com/farlin-bath-rug-mat/p/itmdgeb6u5chjygz?pid=MATDFWG4DPRMUP8Z&srno=b_112&ref=abadd9f5-9776-4397-94a6-56bb657a6f7c
http://www.flipkart.com/farlin-paper-stem-cotton-buds-top-113-2/p/itmdfxapkmypa8zu?pid=CPBDFXAZ8RMFFKXH&srno=b_113&ref=abadd9f5-9776-4397-94a6-56bb657a6f7c
http://www.flipkart.com/farlin-stretchy-pacifier/p/itmdgeb9gh9hazfn?pid=TSODFZNZFNYFHJVE&srno=b_114&ref=abadd9f5-9776-4397-94a6-56bb657a6f7c
http://www.flipkart.com/farlin-bamboo-dinner-ware-bam-246/p/itmdgeb6ggtxjzgk?pid=FDUDFYSH5AR3FPVT&srno=b_115&ref=abadd9f5-9776-4397-94a6-56bb657a6f7c
http://www.flipkart.com/nuby-orthodontic-pacifiers/p/itmdbdyyngftthmt?pid=TSODADJTPG4YHBJM&srno=b_116&ref=abadd9f5-9776-4397-94a6-56bb657a6f7c
http://www.flipkart.com/nuby-trends-orthodontic-pacifier/p/itmdpnncyjut9ssz?pid=TSODPNNCFRSCKDZY&srno=b_117&ref=abadd9f5-9776-4397-94a6-56bb657a6f7c
http://www.flipkart.com/farlin-normal-pacifier/p/itmdgeb6he5dgfsg?pid=TSODG2WQKVSEQ94S&srno=b_118&ref=abadd9f5-9776-4397-94a6-56bb657a6f7c
http://www.flipkart.com/farlin-fruit-series-pacifier/p/itmdgeb7ver3agpv?pid=TSODADJTDHQZQWAG&srno=b_119&ref=abadd9f5-9776-4397-94a6-56bb657a6f7c
http://www.flipkart.com/farlin-cooling-gum-soother/p/itmdgeb9sfqrhem6?pid=TSODFZKZFG4BZGZS&srno=b_120&ref=abadd9f5-9776-4397-94a6-56bb657a6f7c
http://www.flipkart.com/farlin-bottle-nipple-brush/p/itmdzhwfguqywgse?pid=BCLDZHWE2RNAGD8A&srno=b_121&ref=5517c471-a26b-4206-8f26-32d88791f77a
http://www.flipkart.com/farlin-pregnancy-pillow/p/itmdg36xzbgtyzcy?pid=PLWDG35AZT6GSY3H&srno=b_122&ref=5517c471-a26b-4206-8f26-32d88791f77a
http://www.flipkart.com/farlin-compact-automatic-steam-sterilizer-3-slots/p/itmdgeb9dbfnxeyq?pid=STWDFYZDF6YUMGRG&srno=b_123&ref=5517c471-a26b-4206-8f26-32d88791f77a
http://www.flipkart.com/farlin-gum-soother/p/itmdgeb9dsq8zgrw?pid=TSODFZKZNDGXUZSF&srno=b_124&ref=5517c471-a26b-4206-8f26-32d88791f77a
http://www.flipkart.com/farlin-training-cup-cap/p/itmdfzk6f2rhp8h4?pid=SICDFZK6ZXSZYEGD&srno=b_125&ref=5517c471-a26b-4206-8f26-32d88791f77a
http://www.flipkart.com/farlin-baby-cuddler/p/itmdgeb6vvtyp222?pid=BCCDG36HV2RRHPZT&srno=b_126&ref=5517c471-a26b-4206-8f26-32d88791f77a
http://www.flipkart.com/farlin-paper-stem-cotton-buds/p/itmdak9mmvnyjrhw?pid=CPBDAK9HCF5EANNU&srno=b_127&ref=5517c471-a26b-4206-8f26-32d88791f77a
http://www.flipkart.com/farlin-cooling-gum-soother/p/itmdqdbz5n4xhtxh?pid=TSODFZKZF9H2W6HH&srno=b_128&ref=5517c471-a26b-4206-8f26-32d88791f77a
http://www.flipkart.com/farlin-baby-lotion/p/itmdajdzsk8mne46?pid=MSCDZBX3KJ9YGSBH&srno=b_129&ref=5517c471-a26b-4206-8f26-32d88791f77a
http://www.flipkart.com/farlin-baby-wet-wipes-anti-rash/p/itmdgeb676bz4nx3?pid=WIPDFWKJBW8DYS4D&srno=b_130&ref=5517c471-a26b-4206-8f26-32d88791f77a
http://www.flipkart.com/farlin-baby-diaper-pants-large/p/itmdggh8fzhk9wmw?pid=DPRDGGK4NMWYPJ3K&srno=b_131&ref=5517c471-a26b-4206-8f26-32d88791f77a
http://www.flipkart.com/nuby-prima-orthodontic-pacifier/p/itmdru8fsdr48vry?pid=TSODZMUGQ56DWQMB&srno=b_132&ref=5517c471-a26b-4206-8f26-32d88791f77a
http://www.flipkart.com/farlin-baby-wet-wipes-skincare/p/itmdgeb7fcqcbmuy?pid=WIPDFWKJFR6AUUJ5&srno=b_133&ref=5517c471-a26b-4206-8f26-32d88791f77a
http://www.flipkart.com/farlin-safety-door-stopper/p/itmdapvpzzgyfgqm?pid=BPFDCMZ96Z26MYUQ&srno=b_134&ref=5517c471-a26b-4206-8f26-32d88791f77a
http://www.flipkart.com/nuby-easy-grip-bowl-feeding-spoon-food-grade-plastic-silicone/p/itmdnwdys3keeqjq?pid=FDUDNWDPEGGGNJDP&srno=b_135&ref=5517c471-a26b-4206-8f26-32d88791f77a
http://www.flipkart.com/farlin-fish-shape-nail-clipper/p/itmdbvyqqgutwrjp?pid=NCCDBVYQGYCWS4AX&srno=b_136&ref=5517c471-a26b-4206-8f26-32d88791f77a
http://www.flipkart.com/farlin-cooling-gum-soother/p/itmdqgcycxpnfyax?pid=TSODFZKZEJ7M6RDY&srno=b_137&ref=5517c471-a26b-4206-8f26-32d88791f77a
http://www.flipkart.com/farlin-warmer-bottle-carrier/p/itmdbdytqb8zvs5d?pid=BTCDAGVHJEGRPSMZ&srno=b_138&ref=5517c471-a26b-4206-8f26-32d88791f77a
http://www.flipkart.com/farlin-baby-oil/p/itmdgeb7ykx2tw99?pid=MSODFYKDBYVVXSGE&srno=b_139&ref=5517c471-a26b-4206-8f26-32d88791f77a
http://www.flipkart.com/farlin-widened-holder-nail-clipper/p/itmdcvqyf8rhyysx?pid=NCCDCVNHMWCKRZBY&srno=b_140&ref=5517c471-a26b-4206-8f26-32d88791f77a
http://www.flipkart.com/farlin-maternity-elastic-pantyhose/p/itmdgq7njsphqpag?pid=MTBDGQ7MKTNTQZ6Y&srno=b_141&ref=25a6e560-f075-4a43-b765-6fc0b8c71123
http://www.flipkart.com/nuby-easy-grip-bowl-feeding-spoon-break-resistant-plastic/p/itmdceny8aztjmjn?pid=FDUDCENYFJZV8A6W&srno=b_142&ref=25a6e560-f075-4a43-b765-6fc0b8c71123
http://www.flipkart.com/nuby-lnc-2-handle-cup/p/itmdbdyt2uyfmnbu?pid=SICDAT9MG9PTFZNQ&srno=b_143&ref=25a6e560-f075-4a43-b765-6fc0b8c71123
http://www.flipkart.com/farlin-silicone-gum-soother/p/itmdgeb9aybsd3bm?pid=TSODFZNZFXYQR9N6&srno=b_144&ref=25a6e560-f075-4a43-b765-6fc0b8c71123
http://www.flipkart.com/farlin-cuddler/p/itmdgeaqv3tswmby?pid=BCCDAGYQDT3WQPD4&srno=b_145&ref=25a6e560-f075-4a43-b765-6fc0b8c71123
http://www.flipkart.com/farlin-cooling-gum-soother/p/itmdqwygb9tfx5ge?pid=TSODFZKZDTUMEHER&srno=b_146&ref=25a6e560-f075-4a43-b765-6fc0b8c71123
http://www.flipkart.com/farlin-fish-nail-clipper/p/itmdgeb6anvnbdmq?pid=NCCDAKAFHBYJGUGM&srno=b_147&ref=25a6e560-f075-4a43-b765-6fc0b8c71123
http://www.flipkart.com/farlin-stretchy-pacifier/p/itmdqy8my82fgrqz?pid=TSODFZNZYNBTES3U&srno=b_148&ref=25a6e560-f075-4a43-b765-6fc0b8c71123
http://www.flipkart.com/nuby-milk-powder-dispenser/p/itmdz2wnnygyhp3r?pid=FDUDZ2WHW4MJXAGU&srno=b_149&ref=25a6e560-f075-4a43-b765-6fc0b8c71123
http://www.flipkart.com/farlin-cooling-gum-soother/p/itmdqvu3tcpzcwgb?pid=TSODFZKZAGUPPP83&srno=b_150&ref=25a6e560-f075-4a43-b765-6fc0b8c71123
http://www.flipkart.com/farlin-baby-comb-brush-set/p/itmdgat7h57he4uf?pid=BBCDGAS3BHGPHGVZ&srno=b_151&ref=25a6e560-f075-4a43-b765-6fc0b8c71123
http://www.flipkart.com/farlin-bottle-nipple-brushes-set/p/itmdzhwf2yyquhjn?pid=BCLDZHWEBDSP5HWV&srno=b_152&ref=25a6e560-f075-4a43-b765-6fc0b8c71123
http://www.flipkart.com/farlin-fruit-series-pacifier-elder/p/itmdgeb7zexkumze?pid=TSODADJTKM9QAYFC&srno=b_153&ref=25a6e560-f075-4a43-b765-6fc0b8c71123
http://www.flipkart.com/farlin-cute-design-feeding-set/p/itmdgeb64f5xybhn?pid=FDUDFYSEB4EDFFYH&srno=b_154&ref=25a6e560-f075-4a43-b765-6fc0b8c71123
http://www.flipkart.com/farlin-bottle-warmer-single/p/itmdq2xsm7aqjxrf?pid=BTCDAGVHAGFGWJZS&srno=b_155&ref=25a6e560-f075-4a43-b765-6fc0b8c71123
http://www.flipkart.com/nuby-1-pack-tinted-printed-cup/p/itmdbdyt27azyznr?pid=SICDAT9MF2FEYGQQ&srno=b_156&ref=25a6e560-f075-4a43-b765-6fc0b8c71123
http://www.flipkart.com/farlin-disposable-breast-pads/p/itmdseathkhtxra7?pid=BRNDG586BBGY8MFZ&srno=b_157&ref=25a6e560-f075-4a43-b765-6fc0b8c71123
http://www.flipkart.com/nuby-flip-it-non-drip-straw-mega-sipper/p/itmdbdytntwqybbg?pid=SICDAT9MTPYWF48K&srno=b_158&ref=25a6e560-f075-4a43-b765-6fc0b8c71123
http://www.flipkart.com/farlin-milk-powder-container-round-polypropylene/p/itmdseavd2wahwzz?pid=FDUDFYMGFUABGCYV&srno=b_159&ref=25a6e560-f075-4a43-b765-6fc0b8c71123
http://www.flipkart.com/nuby-lnc-new-style-gripper-cup/p/itmdbdythmjftuce?pid=SICDAT9MKJQUPSHW&srno=b_160&ref=25a6e560-f075-4a43-b765-6fc0b8c71123
http://www.flipkart.com/farlin-anti-sleep-feeding-set/p/itmdqx69g4yzsxfz?pid=FDUDADGUUNH88QSP&srno=b_161&ref=e9935728-97cf-4e37-8242-775bafc2224c
http://www.flipkart.com/farlin-milk-powder-container-round-polypropylene/p/itmdgeb6zpfymp9x?pid=FDUDFYSZUG9KMNGF&srno=b_162&ref=e9935728-97cf-4e37-8242-775bafc2224c
http://www.flipkart.com/farlin-toddler-paper-bib/p/itmdapwqwvnc6js3?pid=BIBDAHFPKNNFVQT5&srno=b_163&ref=e9935728-97cf-4e37-8242-775bafc2224c
http://www.flipkart.com/nuby-sure-grip-soft-spout-sipper/p/itmdbdytzfcgzp9g?pid=SICDAT9MBGTXYQR7&srno=b_164&ref=e9935728-97cf-4e37-8242-775bafc2224c
http://www.flipkart.com/farlin-baby-comb-brush-set/p/itmdzbyh7hxgtrcg?pid=BBCDZBWRCZXYAM53&srno=b_165&ref=e9935728-97cf-4e37-8242-775bafc2224c
http://www.flipkart.com/farlin-milk-powder-container-tall-polypropylene/p/itmdqvu33czgu4s9?pid=FDUDFYMGH5MHUB9W&srno=b_166&ref=e9935728-97cf-4e37-8242-775bafc2224c
http://www.flipkart.com/farlin-baby-comb-brush-set/p/itmdgeb6cgtpbuuf?pid=BBCDAHZMRE9X32AZ&srno=b_167&ref=e9935728-97cf-4e37-8242-775bafc2224c
http://www.flipkart.com/farlin-interchangeable-training-cup/p/itmdgeadhzw9zmky?pid=SICDFZK6DMHVAES6&srno=b_168&ref=e9935728-97cf-4e37-8242-775bafc2224c
http://www.flipkart.com/farlin-baby-diaper-pants-extra-large/p/itmdggh8nxskzhg2?pid=DPRDGGK4XZXVSXZQ&srno=b_169&ref=e9935728-97cf-4e37-8242-775bafc2224c
http://www.flipkart.com/farlin-baby-diaper-pants-large/p/itmdgeb6w9mhncxu?pid=DPRDG2UTDG8GVGZH&srno=b_170&ref=e9935728-97cf-4e37-8242-775bafc2224c
http://www.flipkart.com/farlin-stretchy-pacifier/p/itmdgea9vggzdrkd?pid=TSODADJTWFREKHSD&srno=b_171&ref=e9935728-97cf-4e37-8242-775bafc2224c
http://www.flipkart.com/farlin-air-filled-rubber-cotsheet-bedsheet/p/itmdbdyq4a2yghg2?pid=BDSDAGYZ7Y62YDHF&srno=b_172&ref=e9935728-97cf-4e37-8242-775bafc2224c
http://www.flipkart.com/nuby-snack-keeper/p/itmdzhhzxupfyw38?pid=FDUDZHHY4HP75XBJ&srno=b_173&ref=e9935728-97cf-4e37-8242-775bafc2224c
http://www.flipkart.com/farlin-stretchy-pacifier/p/itmdqy8rrm6kcvzh?pid=TSODFZNZGPVZXE2W&srno=b_174&ref=e9935728-97cf-4e37-8242-775bafc2224c
http://www.flipkart.com/farlin-music-toothbrush-set/p/itmdk6rsskjjftk2?pid=THBDK6RNEC9E8GMN&srno=b_175&ref=e9935728-97cf-4e37-8242-775bafc2224c
http://www.flipkart.com/farlin-baby-comb-brush-set/p/itmdgeb6psy9xwqd?pid=BBCDAHZM37HBYWTC&srno=b_176&ref=e9935728-97cf-4e37-8242-775bafc2224c
http://www.flipkart.com/nuby-lnc-convert-cup-glass-shaped-tumbler/p/itmdbdytf8vhamjw?pid=SICDAT9M3PPXHGYD&srno=b_177&ref=e9935728-97cf-4e37-8242-775bafc2224c
http://www.flipkart.com/farlin-baby-sunscreen-lotion-ha-01/p/itmdfxz6amtk9w8u?pid=MSCDFXZ5R5SEKZCX&srno=b_178&ref=e9935728-97cf-4e37-8242-775bafc2224c
http://www.flipkart.com/nuby-rhythm-dual-action-electric-breast-pump-sanitizer-kit/p/itmdzbyzv9fswgcm?pid=BRPDZBWZXMRWAYPN&srno=b_179&ref=e9935728-97cf-4e37-8242-775bafc2224c
http://www.flipkart.com/farlin-nipple-brush/p/itmdgeb6qvgbgh49?pid=BCLDG35AEHQTG3YY&srno=b_180&ref=e9935728-97cf-4e37-8242-775bafc2224c
http://www.flipkart.com/farlin-milk-powder-container-round-polypropylene/p/itmdgeb6gwqvsrbq?pid=FDUDFYMGXP3FDFZD&srno=b_181&ref=96bdb372-be5b-48df-9c00-2ba528b6c596
http://www.flipkart.com/farlin-cooling-gum-soother/p/itmdgeb9cymruf6d?pid=TSODFZKZQSGZEFBV&srno=b_182&ref=96bdb372-be5b-48df-9c00-2ba528b6c596
http://www.flipkart.com/farlin-wide-holder-baby-nail-clipper/p/itmdqz2dyykzzhyf?pid=NCCDAKAF86FZYTMS&srno=b_183&ref=96bdb372-be5b-48df-9c00-2ba528b6c596
http://www.flipkart.com/farlin-sandglass-rattle/p/itmdqvu3yc2sck3d?pid=BBRDBYJTGUXYTV8G&srno=b_184&ref=96bdb372-be5b-48df-9c00-2ba528b6c596
http://www.flipkart.com/farlin-baby-moisturizing-lotion-hl-01/p/itmdfxz6gstwn7fr?pid=MSCDFXZ5P7ZZKGGS&srno=b_185&ref=96bdb372-be5b-48df-9c00-2ba528b6c596
http://www.flipkart.com/farlin-cooling-gum-soother-handle/p/itmdzbxhcpwvwakk?pid=TSODZBVUEX2HKDKZ&srno=b_186&ref=96bdb372-be5b-48df-9c00-2ba528b6c596
http://www.flipkart.com/farlin-color-magic-spoon-plastic/p/itmdqy5w5aqz6xjt?pid=FDUDFYSENS4YNSAE&srno=b_187&ref=96bdb372-be5b-48df-9c00-2ba528b6c596
http://www.flipkart.com/farlin-bottle-strainer/p/itmdqdbnvqzty5fx?pid=FDUDGGFNATQFXPEQ&srno=b_188&ref=96bdb372-be5b-48df-9c00-2ba528b6c596
http://www.flipkart.com/farlin-effort-saving-manual-breast-pump/p/itmdapwfktg8dfy9?pid=BRPDADNWHXURSMYE&srno=b_189&ref=96bdb372-be5b-48df-9c00-2ba528b6c596
http://www.flipkart.com/farlin-maternity-elastic-pantyhose/p/itmdqqa7ysfpggu8?pid=MTBDGQ7MZFDQFY8E&srno=b_190&ref=96bdb372-be5b-48df-9c00-2ba528b6c596
http://www.flipkart.com/farlin-cooling-gum-soother/p/itmdqb34whcszbff?pid=TSODFZKZK4KHGAMH&srno=b_191&ref=96bdb372-be5b-48df-9c00-2ba528b6c596
http://www.flipkart.com/farlin-soft-sipper-cup/p/itmdgeb9hgp9gdvr?pid=SICDFZK6EPVRRQ4N&srno=b_192&ref=96bdb372-be5b-48df-9c00-2ba528b6c596
http://www.flipkart.com/farlin-baby-facial-cream-hl-03/p/itmdfxz6ag3vpxwd?pid=MSCDFXZ5SQMSPCP5&srno=b_193&ref=96bdb372-be5b-48df-9c00-2ba528b6c596
http://www.flipkart.com/farlin-silicone-gum-soother/p/itmdgeb9xhdyvmxq?pid=TSODFZNZMHVFHJBS&srno=b_194&ref=96bdb372-be5b-48df-9c00-2ba528b6c596
http://www.flipkart.com/farlin-baby-oil/p/itmdzbyzykxzx7gh?pid=MSODZBX2ZMNREJ9E&srno=b_195&ref=96bdb372-be5b-48df-9c00-2ba528b6c596
http://www.flipkart.com/farlin-cooling-gum-soother/p/itmdgeb9zghfgabz?pid=TSODFZKZU6F6DRKE&srno=b_196&ref=96bdb372-be5b-48df-9c00-2ba528b6c596
http://www.flipkart.com/farlin-baby-diaper-pants-small/p/itmdgeb69nsx9ggj?pid=DPRDG2UTHDNH2UQ8&srno=b_197&ref=96bdb372-be5b-48df-9c00-2ba528b6c596
http://www.flipkart.com/farlin-baby-wet-wipes-relaxing/p/itmdgeb7xaghthvd?pid=WIPDFWKJHXVH7MMP&srno=b_198&ref=96bdb372-be5b-48df-9c00-2ba528b6c596
http://www.flipkart.com/farlin-stretchy-pacifier/p/itmdr4znfysujtff?pid=TSODFZNZ6ZAAHUZU&srno=b_199&ref=96bdb372-be5b-48df-9c00-2ba528b6c596
http://www.flipkart.com/farlin-baby-diaper-pants-small/p/itmdgeb6x4wzyq4g?pid=DPRDG2UTMPJFYZNH&srno=b_200&ref=96bdb372-be5b-48df-9c00-2ba528b6c596
http://www.flipkart.com/farlin-bottle-warmer-double-bottles/p/itmdqvv2ghrtbgpv?pid=BTCDAGVHKY2PTZJ7&srno=b_201&ref=9a2fc096-d916-475b-baad-475b3781db8e
http://www.flipkart.com/farlin-orthodontic-pacifier-glow-dark/p/itmdgeb6hmpx9fqy?pid=TSODG2WQ6UKGKFGB&srno=b_202&ref=9a2fc096-d916-475b-baad-475b3781db8e
http://www.flipkart.com/farlin-baby-diaper-pants-medium/p/itmdgeb6fenvffbm?pid=DPRDG2UT9ZAZZM5M&srno=b_203&ref=9a2fc096-d916-475b-baad-475b3781db8e
http://www.flipkart.com/farlin-cooling-gum-soother/p/itmdqsgpn4n5hjnh?pid=TSODFZKZFTJZBGZJ&srno=b_204&ref=9a2fc096-d916-475b-baad-475b3781db8e
http://www.flipkart.com/nuby-printed-sports-sipper/p/itmdp955jgukvj9p?pid=SICDAT9MEUEEGGZG&srno=b_205&ref=9a2fc096-d916-475b-baad-475b3781db8e
http://www.flipkart.com/farlin-baby-diaper-pants-extra-large/p/itmdgeb6hfgvgydr?pid=DPRDG2UTBHHCKG2N&srno=b_206&ref=9a2fc096-d916-475b-baad-475b3781db8e
http://www.flipkart.com/farlin-bubble-ball-soft-spout-cup/p/itmdzhv6gsgbppj7?pid=SICDZHV6RNQR67C8&srno=b_207&ref=9a2fc096-d916-475b-baad-475b3781db8e
http://www.flipkart.com/farlin-baby-shampoo/p/itmdak9yh8hrymyg?pid=SMPDAK8ZYGZDDT2Y&srno=b_208&ref=9a2fc096-d916-475b-baad-475b3781db8e
http://www.flipkart.com/farlin-safety-pins/p/itmdgeb6g5jwaftb?pid=BPFDG335SGYVT5VY&srno=b_209&ref=9a2fc096-d916-475b-baad-475b3781db8e
http://www.flipkart.com/farlin-non-smother-pillow/p/itmdg36xsnkfspbx?pid=PLWDG366VUZHXRGH&srno=b_210&ref=9a2fc096-d916-475b-baad-475b3781db8e
http://www.flipkart.com/farlin-baby-diaper-pants-extra-large/p/itmdgeb6ghjny3s3?pid=DPRDG2UTZGKPGDGE&srno=b_211&ref=9a2fc096-d916-475b-baad-475b3781db8e
http://www.flipkart.com/farlin-box-trainer-potty-seat/p/itmdzbt6hmucesmc?pid=PSBDZBT4Q4RUXD2B&srno=b_212&ref=9a2fc096-d916-475b-baad-475b3781db8e
http://www.flipkart.com/farlin-cotton-buds-bf-113/p/itmdfxaprcfutseg?pid=CPBDFXAZZGTQMDJG&srno=b_213&ref=9a2fc096-d916-475b-baad-475b3781db8e
http://www.flipkart.com/farlin-baby-diaper-pants-large/p/itmdgeb6zqafh3zx?pid=DPRDG2UTZ8FXCZGV&srno=b_214&ref=9a2fc096-d916-475b-baad-475b3781db8e
http://www.flipkart.com/farlin-music-toothbrush-set/p/itmdgeb6bnjzgjvf?pid=THBDFWGGKXVUEHG7&srno=b_215&ref=9a2fc096-d916-475b-baad-475b3781db8e
http://www.flipkart.com/farlin-baby-diaper-pants-extra-large/p/itmdgeb6ehfyrbzy?pid=DPRDG2UTHBJ3FEDA&srno=b_216&ref=9a2fc096-d916-475b-baad-475b3781db8e
http://www.flipkart.com/farlin-training-cup-cap/p/itmdbdythg7gwwbu?pid=SICDFZK6CRMZHSTY&srno=b_217&ref=9a2fc096-d916-475b-baad-475b3781db8e
http://www.flipkart.com/farlin-box-trainer-potty-seat/p/itmdt6arrmsaysy2?pid=PSBDZBT4TWJWP67M&srno=b_218&ref=9a2fc096-d916-475b-baad-475b3781db8e
http://www.flipkart.com/farlin-safety-pins/p/itmdgeb6cdpfgfgq?pid=BPFDG335ECKMHWGE&srno=b_219&ref=9a2fc096-d916-475b-baad-475b3781db8e
http://www.flipkart.com/farlin-training-cup/p/itmdqrepqupjw4ay?pid=SICDFZK6BZTMHARS&srno=b_220&ref=9a2fc096-d916-475b-baad-475b3781db8e
http://www.flipkart.com/nuby-coolbite-teether/p/itmdcz8ahcvbfczx?pid=TSODCNHMV9EBZGZP&srno=b_221&ref=6f7aa5ad-3d76-4586-8fd9-0d51200acde2
http://www.flipkart.com/farlin-free-direction-manual-breast-pump/p/itmdapwfy68fjazg?pid=BRPDADNWBQEXHM2E&srno=b_222&ref=6f7aa5ad-3d76-4586-8fd9-0d51200acde2
http://www.flipkart.com/farlin-medi-feeder/p/itmdqgcyg59dsgvh?pid=FDUDFYNGTGQMD6XT&srno=b_223&ref=6f7aa5ad-3d76-4586-8fd9-0d51200acde2
http://www.flipkart.com/farlin-safety-fan-net/p/itmdg338fes4ty7g?pid=BPFDG335ETENPER6&srno=b_224&ref=6f7aa5ad-3d76-4586-8fd9-0d51200acde2
http://www.flipkart.com/farlin-cooling-gum-soother/p/itmdgeb9avgvhgzs?pid=TSODFZKZNZ2H45WJ&srno=b_225&ref=6f7aa5ad-3d76-4586-8fd9-0d51200acde2
http://www.flipkart.com/farlin-training-cup/p/itmdggh7wzkfwptq?pid=SICDGGJVAEF9V7B8&srno=b_226&ref=6f7aa5ad-3d76-4586-8fd9-0d51200acde2
http://www.flipkart.com/farlin-cooling-gum-soother/p/itmdgeb9eszezuv6?pid=TSODFZNZE5SX3JNH&srno=b_227&ref=6f7aa5ad-3d76-4586-8fd9-0d51200acde2
http://www.flipkart.com/nuby-rhythm-dual-action-electric-breast-pump-sterilizer-kit/p/itmdnznfhrgwx7vp?pid=BRPDNZNCYFJBBZUF&srno=b_228&ref=6f7aa5ad-3d76-4586-8fd9-0d51200acde2
http://www.flipkart.com/farlin-microwave-sterilization-set-feeding-bottles/p/itmdgeb6bubf4cdp?pid=STWDG7BEXT853EQZ&srno=b_229&ref=6f7aa5ad-3d76-4586-8fd9-0d51200acde2
http://www.flipkart.com/farlin-mother-skin-care-feminine-hygiene-foam-wash/p/itmdg583dgsgrhwz?pid=BSTDG573KYDSKD99&srno=b_230&ref=6f7aa5ad-3d76-4586-8fd9-0d51200acde2
http://www.flipkart.com/farlin-trainer-potty-box/p/itmdgeb6asvjbuzz?pid=PSBDAGXFAU4PRXGD&srno=b_231&ref=6f7aa5ad-3d76-4586-8fd9-0d51200acde2
http://www.flipkart.com/farlin-fish-shape-nail-clipper-green/p/itmdgeb7acgsrqzy?pid=NCCDFXDZEDZPXJGM&srno=b_232&ref=6f7aa5ad-3d76-4586-8fd9-0d51200acde2
http://www.flipkart.com/farlin-baby-diaper-pants-medium/p/itmdgeb6t8gsj63b?pid=DPRDG2UTUTTYD9HD&srno=b_233&ref=6f7aa5ad-3d76-4586-8fd9-0d51200acde2
http://www.flipkart.com/farlin-safety-pins/p/itmdgeb6srfyykyb?pid=BPFDG335VWAAJ2ND&srno=b_234&ref=6f7aa5ad-3d76-4586-8fd9-0d51200acde2
http://www.flipkart.com/farlin-cooling-gum-soother/p/itmdgeb925gseegy?pid=TSODFZKZCTWTRAXX&srno=b_235&ref=6f7aa5ad-3d76-4586-8fd9-0d51200acde2
http://www.flipkart.com/farlin-little-bear-rattle/p/itmdbyjtwszvq56a?pid=BBRDBYJTWUWCKVHU&srno=b_236&ref=6f7aa5ad-3d76-4586-8fd9-0d51200acde2
http://www.flipkart.com/farlin-mother-skin-care-firming-lotion-whole-body-winter/p/itmdg583jgzywaed?pid=BSTDG573VQHGJ2ST&srno=b_237&ref=6f7aa5ad-3d76-4586-8fd9-0d51200acde2
http://www.flipkart.com/farlin-ice-pillow/p/itmdgeb6ehfjdmgp?pid=PLWDAG5RJRXGCC3C&srno=b_238&ref=6f7aa5ad-3d76-4586-8fd9-0d51200acde2
http://www.flipkart.com/farlin-pulpy-food-spoon/p/itmdgeb7qz4qwpv6?pid=FDUDADGUKGB7MQTJ&srno=b_239&ref=6f7aa5ad-3d76-4586-8fd9-0d51200acde2
http://www.flipkart.com/farlin-baby-diaper-pants-medium/p/itmdgeb6gxsxy8gg?pid=DPRDG2UTKMFZZVF2&srno=b_240&ref=6f7aa5ad-3d76-4586-8fd9-0d51200acde2
http://www.flipkart.com/farlin-bamboo-dinner-ware/p/itmdgeb6dyfxa8vh?pid=FDUDFYSE9UH9Z6ND&srno=b_241&ref=538946ea-68d6-469e-9155-dc5c2900cbe2
http://www.flipkart.com/nuby-one-touch-electric-steam-sterilizer/p/itmdnyb5ngfkyrb6?pid=STWDNYB3FZJTTAGB&srno=b_242&ref=538946ea-68d6-469e-9155-dc5c2900cbe2
http://www.flipkart.com/farlin-cuddler-front/p/itmdgeb7anrdcvrr?pid=BCCDAGYQFSGF5ZH4&srno=b_243&ref=538946ea-68d6-469e-9155-dc5c2900cbe2
http://www.flipkart.com/nuby-disposable-nursing-pads/p/itmdrsa7yeug2thm?pid=BRNDADNHV2UHAV6F&srno=b_244&ref=538946ea-68d6-469e-9155-dc5c2900cbe2
http://www.flipkart.com/nuby-disposable-nursing-pads/p/itmdrsa6fgtv5duh?pid=BRNDADNHZARHZJM5&srno=b_245&ref=538946ea-68d6-469e-9155-dc5c2900cbe2
http://www.flipkart.com/nuby-diaper-pins/p/itmdny95yqnyh8fz?pid=BPFDNY93RHACWFPW&srno=b_246&ref=538946ea-68d6-469e-9155-dc5c2900cbe2
http://www.flipkart.com/nuby-lnc-no-spill-gripper-cup/p/itmdbdytzf67hqhg?pid=SICDAT9MDZGBURFH&srno=b_247&ref=538946ea-68d6-469e-9155-dc5c2900cbe2
http://www.flipkart.com/farlin-milk-powder-container-tall-plastic/p/itmdgeb6q3rgqh7y?pid=FDUDFYMGGMRA5NBZ&srno=b_248&ref=538946ea-68d6-469e-9155-dc5c2900cbe2
http://www.flipkart.com/farlin-feeding-set-food-grade-plastic-silicone/p/itmdhty5gxe6strj?pid=FDUDHTY28EAZTH5Y&srno=b_249&ref=538946ea-68d6-469e-9155-dc5c2900cbe2
http://www.flipkart.com/nuby-coolbite-triangle-teether/p/itmdbdyytgycprzf?pid=TSODADJT7HMERSYC&srno=b_250&ref=538946ea-68d6-469e-9155-dc5c2900cbe2
http://www.flipkart.com/nuby-softees-small-teether/p/itmdbdyy6sdyrpej?pid=TSODADJTHUTYP44D&srno=b_251&ref=538946ea-68d6-469e-9155-dc5c2900cbe2
http://www.flipkart.com/nuby-coolbite-fruit-teether/p/itmdbdyym9tzykyz?pid=TSODADJTM4HA38FP&srno=b_252&ref=538946ea-68d6-469e-9155-dc5c2900cbe2
http://www.flipkart.com/farlin-stretchy-pacifier/p/itmdgeb9wrpws4gv?pid=TSODFZNZGSMPABDE&srno=b_253&ref=538946ea-68d6-469e-9155-dc5c2900cbe2
http://www.flipkart.com/farlin-cooling-gum-soother-handle/p/itmdzbxhuud2u33w?pid=TSODZBVUSNQBNSDZ&srno=b_254&ref=538946ea-68d6-469e-9155-dc5c2900cbe2
http://www.flipkart.com/farlin-cooling-gum-soother-handle/p/itmdzbxhyqvspsy2?pid=TSODZBVUGVJQUCFH&srno=b_255&ref=538946ea-68d6-469e-9155-dc5c2900cbe2
http://www.flipkart.com/nuby-3-piece-toothbrush-set/p/itmdz2wbkk4daah6?pid=THBDZ2W7PFXZNFUJ&srno=b_256&ref=538946ea-68d6-469e-9155-dc5c2900cbe2
http://www.flipkart.com/nuby-m-n-t-brush/p/itmds3csgs5pwun7?pid=THBDAGY4MJK72CBD&srno=b_257&ref=538946ea-68d6-469e-9155-dc5c2900cbe2
http://www.flipkart.com/farlin-3-stages-toothbrush-set/p/itmdgeb6wsfzfnyt?pid=THBDFWGGHMHZMSTQ&srno=b_258&ref=538946ea-68d6-469e-9155-dc5c2900cbe2
http://www.flipkart.com/farlin-baby-toothbrush-regular/p/itmdgeb6t4hrje9a?pid=THBDFWGGQH9ZDKK7&srno=b_259&ref=538946ea-68d6-469e-9155-dc5c2900cbe2
http://www.flipkart.com/farlin-baby-tub/p/itmdapwhqyshh8gw?pid=BTBDAGV89HDZYNPR&srno=b_260&ref=538946ea-68d6-469e-9155-dc5c2900cbe2
http://www.flipkart.com/farlin-baby-bath-net/p/itmdapwh9gmhtrg5?pid=BTBDAGV89FJNNRCH&srno=b_261&ref=26e0424e-a456-4c75-8a26-e0e8da0eb7a2
http://www.flipkart.com/nuby-all-natural-clean-gentle-detergent/p/itmdnwdyzjtgymrr?pid=LDTDNWCXCBBHX9QX&srno=b_262&ref=26e0424e-a456-4c75-8a26-e0e8da0eb7a2
http://www.flipkart.com/farlin-ice/p/itmdhx666dyzhmfj?pid=PLWDHX63J7HBHZTP&srno=b_263&ref=26e0424e-a456-4c75-8a26-e0e8da0eb7a2
http://www.flipkart.com/farlin-bath-mat/p/itmdhx66xrzvkmju?pid=MATDHX63ZG6GTNGG&srno=b_264&ref=26e0424e-a456-4c75-8a26-e0e8da0eb7a2
http://www.flipkart.com/nuby-toothbrushes-3-piece-set/p/itmdnwdyzphg3h99?pid=THBDNWCXGCQ6GBJA&srno=b_265&ref=26e0424e-a456-4c75-8a26-e0e8da0eb7a2
http://www.flipkart.com/farlin-baby-wet-wipes-skincare/p/itmdgeatfjnwsntf?pid=WIPDFWKJDEENXHH9&srno=b_266&ref=26e0424e-a456-4c75-8a26-e0e8da0eb7a2
http://www.flipkart.com/farlin-safety-hand-strap/p/itmdapvpfupymad6?pid=BPFDADKFR2TRD2MH&srno=b_267&ref=26e0424e-a456-4c75-8a26-e0e8da0eb7a2
http://www.flipkart.com/farlin-honey-soap/p/itmdsefvk4nt9cvd?pid=SOPDAK8Y4GYH3MWD&srno=b_268&ref=26e0424e-a456-4c75-8a26-e0e8da0eb7a2
http://www.flipkart.com/farlin-microwave-sterilization-set-feeding-bottles/p/itmdgeb9mft4pygm?pid=STWDFYZDGDVFUDYP&srno=b_269&ref=26e0424e-a456-4c75-8a26-e0e8da0eb7a2
http://www.flipkart.com/farlin-cooling-gum-soother/p/itmdgeb9qq7k8efe?pid=TSODFZKZZEJVT2QA&srno=b_270&ref=26e0424e-a456-4c75-8a26-e0e8da0eb7a2
http://www.flipkart.com/farlin-gum-soother/p/itmdgeb9txhky3uh?pid=TSODFZNZPFEXFMVQ&srno=b_271&ref=26e0424e-a456-4c75-8a26-e0e8da0eb7a2
http://www.flipkart.com/farlin-baby-pram/p/itmdgeb7eat6tyhb?pid=STRDADPXUH5RBZWX&srno=b_272&ref=26e0424e-a456-4c75-8a26-e0e8da0eb7a2
http://www.flipkart.com/farlin-baby-chair-normal/p/itmdgeb7mhzy2c47?pid=CHRDADQRHC4EDHZ7&srno=b_273&ref=26e0424e-a456-4c75-8a26-e0e8da0eb7a2
http://www.flipkart.com/nuby-no-spill-insulated-soft-sipper/p/itmdekk4ezfxwamd?pid=SICDEKH6FEGGHSZH&srno=b_274&ref=26e0424e-a456-4c75-8a26-e0e8da0eb7a2
http://www.flipkart.com/nuby-no-spill-grip-n-sip-cup/p/itmdekk4zg4tcxh2?pid=SICDEKH6RNJZZTW5&srno=b_275&ref=26e0424e-a456-4c75-8a26-e0e8da0eb7a2
http://www.flipkart.com/nuby-easy-go-bowl-polypropylene-plastic/p/itmdzhhzxdznmvjs?pid=FDUDZHHYVQHFEJDR&srno=b_276&ref=26e0424e-a456-4c75-8a26-e0e8da0eb7a2
http://www.flipkart.com/farlin-baby-diaper-pants-small/p/itmdgeb6adtqx9q9?pid=DPRDG2UT8HTJVKZ5&srno=b_277&ref=26e0424e-a456-4c75-8a26-e0e8da0eb7a2
http://www.flipkart.com/farlin-baby-monitor-wireless-set/p/itmdgeb9mdc3z7cy?pid=BMTDFYK3BKPH58BZ&srno=b_278&ref=26e0424e-a456-4c75-8a26-e0e8da0eb7a2
http://www.flipkart.com/farlin-food-grinder/p/itmdgeb68753tqch?pid=BFMDG575XYNH2UUH&srno=b_279&ref=26e0424e-a456-4c75-8a26-e0e8da0eb7a2
http://www.flipkart.com/farlin-non-smother-pillow/p/itmdbdyud9ky7hxc?pid=PLWDAG5R6HUBNWRE&srno=b_280&ref=26e0424e-a456-4c75-8a26-e0e8da0eb7a2
http://www.flipkart.com/farlin-warmer-can-food-soup-container-500-cc/p/itmdqvtzymwcmnem?pid=STWDFYZD8FHHDEBZ&srno=b_281&ref=26eee04b-09a6-43a7-a25b-5f2163896cad
http://www.flipkart.com/farlin-auto-steam-sterilizer-5-slots/p/itmdgeb9gg4vpnmt?pid=STWDFYZD4YZAMSCQ&srno=b_282&ref=26eee04b-09a6-43a7-a25b-5f2163896cad
http://www.flipkart.com/farlin-mat/p/itmdggfpjbr5sjyw?pid=MATDGGFPGWSYKTCZ&srno=b_283&ref=26eee04b-09a6-43a7-a25b-5f2163896cad
http://www.flipkart.com/farlin-air-flow-non-spill-training-cup/p/itmdgeb9ysywhqhs?pid=SICDFZK6BCZDENDN&srno=b_284&ref=26eee04b-09a6-43a7-a25b-5f2163896cad
http://www.flipkart.com/farlin-interchangeable-training-cup/p/itmdgeb9egjyxjpg?pid=SICDFZK6XWRH7HCX&srno=b_285&ref=26eee04b-09a6-43a7-a25b-5f2163896cad
http://www.flipkart.com/farlin-air-flow-non-spill-training-cup/p/itmdzhv6htmynehh?pid=SICDZHV6FJWHW9QE&srno=b_286&ref=26eee04b-09a6-43a7-a25b-5f2163896cad
http://www.flipkart.com/farlin-training-cup/p/itmdbdytnw8beh8v?pid=SICDFZK6C7KFUM9V&srno=b_287&ref=26eee04b-09a6-43a7-a25b-5f2163896cad
http://www.flipkart.com/farlin-non-spill-magic-cups-spout/p/itmdzhv6mqm3mgae?pid=SICDZHV6FQUNAMTN&srno=b_288&ref=26eee04b-09a6-43a7-a25b-5f2163896cad
http://www.flipkart.com/farlin-non-spill-magic-cups-straw/p/itmdzhv6dsvszhyc?pid=SICDZHV6JXNPECZY&srno=b_289&ref=26eee04b-09a6-43a7-a25b-5f2163896cad
http://www.flipkart.com/farlin-fish-shape-nail-clipper-white/p/itmdgeb7rd3bah9u?pid=NCCDFXDZDYGKFNMS&srno=b_290&ref=26eee04b-09a6-43a7-a25b-5f2163896cad
http://www.flipkart.com/farlin-360-degree-baby-bowl/p/itmdgeb6kzh9asju?pid=FDUDFYK7RYC5XKG6&srno=b_291&ref=26eee04b-09a6-43a7-a25b-5f2163896cad
http://www.flipkart.com/farlin-noodle-cutter-food-masher-plastic-stainless-steel/p/itmdgkv5h4rpdjjz?pid=FDUDGKV4UAM4KC2H&srno=b_292&ref=26eee04b-09a6-43a7-a25b-5f2163896cad
http://www.flipkart.com/farlin-anti-slip-feeding-set-pvc/p/itmdgeb6bmnzkf3b?pid=FDUDFYSEHMEVSHEN&srno=b_293&ref=26eee04b-09a6-43a7-a25b-5f2163896cad
http://www.flipkart.com/farlin-nursing-comport-balm/p/itmdfynqzpyeq4zy?pid=BPRDFYNP5MUWER2V&srno=b_294&ref=26eee04b-09a6-43a7-a25b-5f2163896cad
http://www.flipkart.com/farlin-baby-bath-foam/p/itmdzmugephpfpue?pid=BWSDZMUG4GHZANAU&srno=b_295&ref=26eee04b-09a6-43a7-a25b-5f2163896cad
http://www.flipkart.com/farlin-baby-moisturizing-cream-hl-02/p/itmdfxz6uxwyh9hx?pid=MSCDFXZ5KVQNVH7E&srno=b_296&ref=26eee04b-09a6-43a7-a25b-5f2163896cad
http://www.flipkart.com/farlin-mother-skin-care-leg-relief-massage-lotion/p/itmdg583hqa7gcrj?pid=BSTDG573QT3AJKCF&srno=b_297&ref=26eee04b-09a6-43a7-a25b-5f2163896cad
http://www.flipkart.com/farlin-microwave-tableware-set-toddlers/p/itmdzbyhjyzkuugq?pid=BBCDZBWRFZABSFU8&srno=b_298&ref=26eee04b-09a6-43a7-a25b-5f2163896cad
http://www.flipkart.com/farlin-compact-automatic-steam-sterilizer-3-slots/p/itmdgeb9evewgpjq?pid=STWDFYZDA3J5WJHQ&srno=b_299&ref=26eee04b-09a6-43a7-a25b-5f2163896cad
http://www.flipkart.com/farlin-safety-handstrap/p/itmdgeb68f2jbgxf?pid=BPFDG335Q7GRWS9V&srno=b_300&ref=26eee04b-09a6-43a7-a25b-5f2163896cad
http://www.flipkart.com/farlin-baby-bubble-shampoo-hh-01/p/itmdfyz6zbeqfwcn?pid=SMPDFYZ5YS2MMFCP&srno=b_301&ref=9064e2a1-3e0d-49f8-82c8-78111d5e3efe
http://www.flipkart.com/farlin-milk-powder-container-tall-polypropylene/p/itmdgeb6egpfjvrw?pid=FDUDFYMGB6AMV2V2&srno=b_302&ref=9064e2a1-3e0d-49f8-82c8-78111d5e3efe
http://www.flipkart.com/farlin-360-degree-baby-bowl/p/itmdgeb6tjzyk2r8?pid=FDUDFYK72QEG8BP9&srno=b_303&ref=9064e2a1-3e0d-49f8-82c8-78111d5e3efe
http://www.flipkart.com/farlin-baby-nappy-cream-hn-01/p/itmdfxz67txjadap?pid=MSCDFXZ5HWHYUUJJ&srno=b_304&ref=9064e2a1-3e0d-49f8-82c8-78111d5e3efe
http://www.flipkart.com/farlin-baby-powder-lotion-hp-01/p/itmdfxz6v9btfsgb?pid=MSCDFXZ5KWFZCEES&srno=b_305&ref=9064e2a1-3e0d-49f8-82c8-78111d5e3efe
http://www.flipkart.com/farlin-sponge-replaceable-brush/p/itmdgeb6fydebr3z?pid=BCLDG35AQVYVXHKC&srno=b_306&ref=9064e2a1-3e0d-49f8-82c8-78111d5e3efe
http://www.flipkart.com/farlin-elastic-knee-socks/p/itmdgq7n44xubhaw?pid=MTBDGQ7MYNDHBQEA&srno=b_307&ref=9064e2a1-3e0d-49f8-82c8-78111d5e3efe
http://www.flipkart.com/farlin-baby-bubble-bath-hf-01/p/itmdfymsxafa6cgh?pid=BUBDFYMPHN7Q8PWS&srno=b_308&ref=9064e2a1-3e0d-49f8-82c8-78111d5e3efe
http://www.flipkart.com/farlin-mother-skin-care-firming-serum-whole-body-summer/p/itmdg583zdcp8qyu?pid=BSTDG573STEGNXR9&srno=b_309&ref=9064e2a1-3e0d-49f8-82c8-78111d5e3efe
http://www.flipkart.com/nuby-stay-clean-soft-clothes/p/itmdbdf2b5zugv9q?pid=WIPDADG6HNYZJZEU&srno=b_310&ref=9064e2a1-3e0d-49f8-82c8-78111d5e3efe
http://www.flipkart.com/farlin-multi-purpose-safety-tape-edge/p/itmdgkvcgz9zexch?pid=BPFDGKVAAYTHRHSH&srno=b_311&ref=9064e2a1-3e0d-49f8-82c8-78111d5e3efe
http://www.flipkart.com/farlin-safety-lock-drawer/p/itmdgea3z5pzyu7y?pid=BPFDG335SG6EZKUG&srno=b_312&ref=9064e2a1-3e0d-49f8-82c8-78111d5e3efe
http://www.flipkart.com/farlin-bottle-protection-bag/p/itmdrqxzv9zqtw4t?pid=BTCDAGVHEGAUQQYF&srno=b_313&ref=9064e2a1-3e0d-49f8-82c8-78111d5e3efe
http://www.flipkart.com/nuby-safety-training-seat-potty/p/itmds3cqadcynncu?pid=PSBDZKRUPBDXJJZW&srno=b_314&ref=9064e2a1-3e0d-49f8-82c8-78111d5e3efe
http://www.flipkart.com/nuby-no-spill-flip-n-sip-cup/p/itmdekk4mpnxhtjs?pid=SICDEKH6RFVPAAAG&srno=b_315&ref=9064e2a1-3e0d-49f8-82c8-78111d5e3efe
http://www.flipkart.com/farlin-baby-powder/p/itmdak98jgy7k36h?pid=TLCDZBVHEZXX89TQ&srno=b_316&ref=9064e2a1-3e0d-49f8-82c8-78111d5e3efe
http://www.flipkart.com/nuby-toilet-trainer-potty-seat/p/itmdapwfzgjevhen?pid=PSBDAGXF86HTPMFW&srno=b_317&ref=9064e2a1-3e0d-49f8-82c8-78111d5e3efe
http://www.flipkart.com/nuby-padded-toilet-seat-potty/p/itmdpzhfbmqxggrs?pid=PSBDPZKFYZHPYGHA&srno=b_318&ref=9064e2a1-3e0d-49f8-82c8-78111d5e3efe
http://www.flipkart.com/farlin-reshape-panties-underpants/p/itmdgq7nzpvkzfyv?pid=MTBDGQ7MTVFSGPWZ&srno=b_319&ref=9064e2a1-3e0d-49f8-82c8-78111d5e3efe
http://www.flipkart.com/nuby-infant-feeder-transition-bottle-spoon/p/itmdbdfyz84y6yyq?pid=FDUDADGUJXVGNUEH&srno=b_320&ref=9064e2a1-3e0d-49f8-82c8-78111d5e3efe
http://www.flipkart.com/nuby-fruit-teether/p/itmdbdyyzuy4bky9?pid=TSODADJTXGPQPQJR&srno=b_321&ref=9def987d-178d-4e6a-a88b-897c520cacb7
http://www.flipkart.com/nuby-no-spill-grip-n-sip-super-straw-sipper/p/itmdekk4z8zr4ngm?pid=SICDEKH6ZZACGESB&srno=b_322&ref=9def987d-178d-4e6a-a88b-897c520cacb7
http://www.flipkart.com/farlin-bottle-nipple-brush/p/itmdm6y6qdrgmttz?pid=BCLDADKT24YZD9RF&srno=b_323&ref=9def987d-178d-4e6a-a88b-897c520cacb7
http://www.flipkart.com/nuby-icybite-teether/p/itmdrzubhnhqzrz9?pid=TSODADJT4RSVZHQN&srno=b_324&ref=9def987d-178d-4e6a-a88b-897c520cacb7
http://www.flipkart.com/nuby-medicine-spoon/p/itmdbdfyk9n378bh?pid=FDUDADGU6D3YHRMG&srno=b_325&ref=9def987d-178d-4e6a-a88b-897c520cacb7
http://www.flipkart.com/nuby-icybite-keys/p/itmdbdyze7kmrsre?pid=TSODADJTH5DYDUHE&srno=b_326&ref=9def987d-178d-4e6a-a88b-897c520cacb7
http://www.flipkart.com/nuby-softees-large-teether/p/itmdbdyygwfjxvq3?pid=TSODADJTF3B3AFGB&srno=b_327&ref=9def987d-178d-4e6a-a88b-897c520cacb7
http://www.flipkart.com/nuby-printed-sports-sipper/p/itmdbdytuguhaj8m?pid=SICDAT9MARHDWHEN&srno=b_328&ref=9def987d-178d-4e6a-a88b-897c520cacb7
http://www.flipkart.com/nuby-soft-training-cushion-seat-potty/p/itmdzkw2pnuakvgr?pid=PSBDZKRUD4GKD8KC&srno=b_329&ref=9def987d-178d-4e6a-a88b-897c520cacb7
http://www.flipkart.com/nuby-nipple-protectors-carrying-case/p/itmdz2vgzjyffuzz?pid=BRNDZ2VFZHZQWXFG&srno=b_330&ref=9def987d-178d-4e6a-a88b-897c520cacb7
http://www.flipkart.com/nuby-coolbite-triangle-teether/p/itmdbdyzutefzhzd?pid=TSODADJTEJPFWPGQ&srno=b_331&ref=9def987d-178d-4e6a-a88b-897c520cacb7
http://www.flipkart.com/farlin-cotton-buds-bf-113-pink/p/itmdfxc7qubq6nu2?pid=CPBDFXC7UYEYFF8S&srno=b_332&ref=9def987d-178d-4e6a-a88b-897c520cacb7
http://www.flipkart.com/nuby-soft-training-cushion-seat-potty/p/itmdzkw2xdzkw5nw?pid=PSBDZKRUT7GWJEBQ&srno=b_333&ref=9def987d-178d-4e6a-a88b-897c520cacb7
http://www.flipkart.com/farlin-soft-spout-cup/p/itmdbdythckmz7nc?pid=SICDAT9MJWPNZCA4&srno=b_334&ref=9def987d-178d-4e6a-a88b-897c520cacb7
http://www.flipkart.com/farlin-bottle-strainer/p/itmdggh78pzkbjgs?pid=FDUDGGH6MXER357R&srno=b_335&ref=9def987d-178d-4e6a-a88b-897c520cacb7
http://www.flipkart.com/farlin-wet-wipe-hand-mouth/p/itmdgeaex3upddzd?pid=WIPDFWKJYPWW2YQC&srno=b_336&ref=9def987d-178d-4e6a-a88b-897c520cacb7
http://www.flipkart.com/farlin-baby-wet-wipes-skincare/p/itmdgeb7sunxjwjt?pid=WIPDFWKJDNHYHDAP&srno=b_337&ref=9def987d-178d-4e6a-a88b-897c520cacb7
http://www.flipkart.com/nuby-coolbite-water-filled-teether/p/itmdbdyyjadsgf7u?pid=TSODADJTR2HTVSVF&srno=b_338&ref=9def987d-178d-4e6a-a88b-897c520cacb7
http://www.flipkart.com/nuby-medicine-spoon/p/itmdnybfcsypcpvg?pid=FDUDNYBDVHJKNHGY&srno=b_339&ref=9def987d-178d-4e6a-a88b-897c520cacb7
http://www.flipkart.com/farlin-baby-clothing-softener/p/itmdbdyvybbgqmnh?pid=LDTDAHUXPC9HVRZE&srno=b_340&ref=9def987d-178d-4e6a-a88b-897c520cacb7
http://www.flipkart.com/nuby-keys-ice-bite-teether/p/itmdpnncgfsgufv7?pid=TSODPNNCWNSSY7Z4&srno=b_341&ref=ffa9829e-c2ed-454e-ab1a-231e1c8b798b
http://www.flipkart.com/farlin-baby-nail-scissors/p/itmdfykb25tus89d?pid=SCIDFYK5MSXRKGEN&srno=b_342&ref=ffa9829e-c2ed-454e-ab1a-231e1c8b798b
http://www.flipkart.com/farlin-baby-wet-wipes-anti-bacteria/p/itmdqvsrhbdga7ak?pid=WIPDFWKJNEAD5FVR&srno=b_343&ref=ffa9829e-c2ed-454e-ab1a-231e1c8b798b
http://www.flipkart.com/nuby-bugs-bed-loop-teether/p/itmdbdyydyzsddvk?pid=TSODADJTN6VCNRFE&srno=b_344&ref=ffa9829e-c2ed-454e-ab1a-231e1c8b798b
http://www.flipkart.com/farlin-smile-rattle/p/itmdzdt4uwn9janw?pid=BBRDBYJTVZ4BXWES&srno=b_345&ref=ffa9829e-c2ed-454e-ab1a-231e1c8b798b
http://www.flipkart.com/farlin-high-density-sponge-brush/p/itmdgeb6my7fjvhu?pid=BCLDG35ATF9YFHYH&srno=b_346&ref=ffa9829e-c2ed-454e-ab1a-231e1c8b798b
http://www.flipkart.com/farlin-cotton-buds/p/itmdak9mznbfnyup?pid=CPBDAK9HCZWQUFAK&srno=b_347&ref=ffa9829e-c2ed-454e-ab1a-231e1c8b798b
http://www.flipkart.com/farlin-baby-wet-wipes-relaxing/p/itmdgeb6kchu83u5?pid=WIPDFWKJ9YYKHH6S&srno=b_348&ref=ffa9829e-c2ed-454e-ab1a-231e1c8b798b
http://www.flipkart.com/farlin-baby-wet-wipes-anti-rash/p/itmdkv8zqwkpfqbt?pid=WIPDADG6YGHSMP5P&srno=b_349&ref=ffa9829e-c2ed-454e-ab1a-231e1c8b798b
http://www.flipkart.com/farlin-baby-wet-wipes-anti-rash/p/itmdgeb7zukafzde?pid=WIPDFWKJHREAMEPS&srno=b_350&ref=ffa9829e-c2ed-454e-ab1a-231e1c8b798b
http://www.flipkart.com/nuby-wacky-ware-fork-spoon-polypropylene/p/itmdbdfyhvr2eafh?pid=FDUDADGUZ3NDD7T8&srno=b_351&ref=ffa9829e-c2ed-454e-ab1a-231e1c8b798b
http://www.flipkart.com/farlin-bottle-nipple-sponge-brush/p/itmdgeb6ppgxvnbd?pid=BCLDADKT6FXZF8HZ&srno=b_352&ref=ffa9829e-c2ed-454e-ab1a-231e1c8b798b
http://www.flipkart.com/farlin-cotton-buds-bf-113-blue/p/itmdfxc77ahswtgc?pid=CPBDFXC7QR2MZ3TV&srno=b_353&ref=ffa9829e-c2ed-454e-ab1a-231e1c8b798b
http://www.flipkart.com/nuby-tinted-mega-sipper/p/itmdbdytwa8gqusc?pid=SICDAT9MYHDE5Y6Q&srno=b_354&ref=ffa9829e-c2ed-454e-ab1a-231e1c8b798b
http://www.flipkart.com/farlin-air-flow-non-spill-training-cup/p/itmdbdytvgmhzc4b?pid=SICDAT9MZK2JG7YT&srno=b_355&ref=ffa9829e-c2ed-454e-ab1a-231e1c8b798b
http://www.flipkart.com/farlin-baby-enzymes-bath-powder/p/itmdak98tbfd2fkj?pid=TLCDKQYPKGFDRDHG&srno=b_356&ref=ffa9829e-c2ed-454e-ab1a-231e1c8b798b
http://www.flipkart.com/farlin-warmer-can-food-soup-container-500-cc/p/itmdgeb9fhugcdgy?pid=STWDFYZDGGHDSPNH&srno=b_357&ref=ffa9829e-c2ed-454e-ab1a-231e1c8b798b
http://www.flipkart.com/farlin-baby-monitor-wireless-set/p/itmdgeb9kw65b86h?pid=BMTDFYK3ZCZZP7HM&srno=b_358&ref=ffa9829e-c2ed-454e-ab1a-231e1c8b798b
http://www.flipkart.com/farlin-baby-electronic-toy-telephone/p/itmdb3t9hqucdk7g?pid=MTYDB3T3YDHSZTHZ&srno=b_359&ref=ffa9829e-c2ed-454e-ab1a-231e1c8b798b
http://www.flipkart.com/farlin-auto-drying-sterilizer-6-slots/p/itmdzdv9mvyhm4kp?pid=STWDZDUYCYSUZPEY&srno=b_360&ref=ffa9829e-c2ed-454e-ab1a-231e1c8b798b
http://www.flipkart.com/farlin-anti-mosquito-patch/p/itmdzmxufuy96ywc?pid=IRPDZMXUZWGMACKH&srno=b_361&ref=ffd79be2-2fed-4358-9fbd-5528404d42de
http://www.flipkart.com/farlin-training-cup/p/itmdq2fhvypzxrbb?pid=SICDQ2FK84ZAJNHK&srno=b_362&ref=ffd79be2-2fed-4358-9fbd-5528404d42de
http://www.flipkart.com/nuby-flip-it-non-drip-straw-mega-sipper/p/itmdgn2wgqkkcmtv?pid=SICDAT9MJ6MMYWUG&srno=b_363&ref=ffd79be2-2fed-4358-9fbd-5528404d42de
http://www.flipkart.com/farlin-electrical-thermo-pot-bath-thermometer/p/itmdn93dynsgf8nk?pid=BTRDN93BJPZWPTHZ&srno=b_364&ref=ffd79be2-2fed-4358-9fbd-5528404d42de
http://www.flipkart.com/farlin-orthodontic-glow-dark/p/itmdgeb7zvn7rzzq?pid=TSODADJT8AUGNXHX&srno=b_365&ref=ffd79be2-2fed-4358-9fbd-5528404d42de
http://www.flipkart.com/nuby-paci-pals-pacifier/p/itmdzeyfekvesfnh?pid=TSODZEYDYXX8HZYM&srno=b_366&ref=ffd79be2-2fed-4358-9fbd-5528404d42de
http://www.flipkart.com/farlin-bottle-nipple-brushes/p/itmdbfdfshtmav5f?pid=BCLDBFCYGYWFAQCG&srno=b_367&ref=ffd79be2-2fed-4358-9fbd-5528404d42de
http://www.flipkart.com/farlin-baby-diaper-pants/p/itmdh9ky5ue5svzy?pid=NPYDH9KYRHCUH8ZJ&srno=b_368&ref=ffd79be2-2fed-4358-9fbd-5528404d42de
http://www.flipkart.com/farlin-baby-diaper-pants/p/itmdh9kycw8keetz?pid=NPYDH9KYGHXMHCGF&srno=b_369&ref=ffd79be2-2fed-4358-9fbd-5528404d42de
http://www.flipkart.com/farlin-baby-diaper-pants/p/itmdh9ky2bwpsdjj?pid=NPYDH9KYYYGBGW25&srno=b_370&ref=ffd79be2-2fed-4358-9fbd-5528404d42de
http://www.flipkart.com/farlin-baby-diaper-pants/p/itmdh9kyrr8gxs4w?pid=NPYDH9KYZCBKQSKV&srno=b_371&ref=ffd79be2-2fed-4358-9fbd-5528404d42de
http://www.flipkart.com/farlin-baby-diaper-pants/p/itmdh9kywpnwsdgf?pid=NPYDH9KYA9G4DDKF&srno=b_372&ref=ffd79be2-2fed-4358-9fbd-5528404d42de
http://www.flipkart.com/farlin-baby-diaper-pants/p/itmdh9kysngnpzzp?pid=NPYDH9KYDYJH5HGP&srno=b_373&ref=ffd79be2-2fed-4358-9fbd-5528404d42de
http://www.flipkart.com/farlin-baby-diaper-pants/p/itmdh9ky3ucxrkta?pid=NPYDH9KYH7AGMZQK&srno=b_374&ref=ffd79be2-2fed-4358-9fbd-5528404d42de
http://www.flipkart.com/farlin-baby-diaper-pants/p/itmdh9kywy5ztgba?pid=NPYDH9KYHDMCMR9H&srno=b_375&ref=ffd79be2-2fed-4358-9fbd-5528404d42de
http://www.flipkart.com/farlin-baby-diaper-pants/p/itmdh9kyjcbbvjde?pid=NPYDH9KYUUDTVHEN&srno=b_376&ref=ffd79be2-2fed-4358-9fbd-5528404d42de
http://www.flipkart.com/farlin-baby-diaper-pants/p/itmdh9ky8vh6x8wr?pid=NPYDH9KYNSSZHPP4&srno=b_377&ref=ffd79be2-2fed-4358-9fbd-5528404d42de
http://www.flipkart.com/farlin-baby-diaper-pants/p/itmdh9kytyzz3xeb?pid=NPYDH9KYXKCSDYP9&srno=b_378&ref=ffd79be2-2fed-4358-9fbd-5528404d42de
http://www.flipkart.com/farlin-baby-diaper-pants/p/itmdh9kye34jqzft?pid=NPYDH9KYNJHG24YD&srno=b_379&ref=ffd79be2-2fed-4358-9fbd-5528404d42de
http://www.flipkart.com/farlin-baby-diaper-pants/p/itmdh9kyrtd9ygqh?pid=NPYDH9KYGHNCFXGC&srno=b_380&ref=ffd79be2-2fed-4358-9fbd-5528404d42de
http://www.flipkart.com/farlin-baby-diaper-pants/p/itmdh9ky69ksphum?pid=NPYDH9KYGZ74F2MN&srno=b_381&ref=fdcd14fb-2844-4900-b605-62fc8522df68
http://www.flipkart.com/farlin-baby-diaper-pants/p/itmdh9kyx4jcy6kv?pid=NPYDH9KYGRXAYYTN&srno=b_382&ref=fdcd14fb-2844-4900-b605-62fc8522df68
http://www.flipkart.com/farlin-baby-diaper-pants/p/itmdh9kyd8c25gxc?pid=NPYDH9KYKNGZGPMG&srno=b_383&ref=fdcd14fb-2844-4900-b605-62fc8522df68
http://www.flipkart.com/farlin-baby-diaper-pants/p/itmdh9kyhvwfwxjz?pid=NPYDH9KYHAACJFKG&srno=b_384&ref=fdcd14fb-2844-4900-b605-62fc8522df68
http://www.flipkart.com/farlin-baby-diaper-pants/p/itmdh9kyzr9ghcgh?pid=NPYDH9KYKUBCCAWZ&srno=b_385&ref=fdcd14fb-2844-4900-b605-62fc8522df68
http://www.flipkart.com/farlin-baby-diaper-pants/p/itmdh9kymtrv82gq?pid=NPYDH9KYPGYDF5D3&srno=b_386&ref=fdcd14fb-2844-4900-b605-62fc8522df68
http://www.flipkart.com/farlin-baby-diaper-pants/p/itmdh9kyrewwtyfc?pid=NPYDH9KYPR7BQXYG&srno=b_387&ref=fdcd14fb-2844-4900-b605-62fc8522df68
http://www.flipkart.com/farlin-baby-diaper-pants/p/itmdh9ky2j2nksng?pid=NPYDH9KYXGPFVSWP&srno=b_388&ref=fdcd14fb-2844-4900-b605-62fc8522df68
http://www.flipkart.com/farlin-baby-diaper-pants/p/itmdh9kybfpekzzt?pid=NPYDH9KYRYETMQ4C&srno=b_389&ref=fdcd14fb-2844-4900-b605-62fc8522df68
http://www.flipkart.com/farlin-baby-diaper-pants/p/itmdh9ky7hchpcc8?pid=NPYDH9KYYCFGHVHN&srno=b_390&ref=fdcd14fb-2844-4900-b605-62fc8522df68
http://www.flipkart.com/farlin-baby-diaper-pants/p/itmdh9ky524p8qak?pid=NPYDH9KYY2MPZMYR&srno=b_391&ref=fdcd14fb-2844-4900-b605-62fc8522df68
http://www.flipkart.com/farlin-baby-wet-wipes-skincare/p/itmdgeb6m6zuk7ue?pid=WIPDADG6U8NGFSQ2&srno=b_392&ref=fdcd14fb-2844-4900-b605-62fc8522df68
http://www.flipkart.com/farlin-baby-walker/p/itmdgeb9pt4fzdza?pid=WLKDFYPD2TBURTYG&srno=b_393&ref=fdcd14fb-2844-4900-b605-62fc8522df68
http://www.flipkart.com/farlin-baby-nail-scissors/p/itmdasygvzdwhgka?pid=SCIDAJ6AKUZ6FA4M&srno=b_394&ref=fdcd14fb-2844-4900-b605-62fc8522df68
http://www.flipkart.com/farlin-baby-nail-scissors/p/itmdfykb3hz8mp4w?pid=SCIDFYK57DJ2GA7Y&srno=b_395&ref=fdcd14fb-2844-4900-b605-62fc8522df68
http://www.flipkart.com/farlin-pc-non-toxic-plastic-sterilization-bottle-tongs/p/itmdszgnzdwfvpvv?pid=BTGDSZGMFP7BHGMA&srno=b_396&ref=fdcd14fb-2844-4900-b605-62fc8522df68
http://www.flipkart.com/farlin-step-up-two-stage-potty-trainer-chair/p/itmdgeb7euffhurr?pid=PSBDFXAZNXMG5RCY&srno=b_397&ref=fdcd14fb-2844-4900-b605-62fc8522df68
http://www.flipkart.com/nuby-softflex-premium-electric/p/itmdzasecergf6h3?pid=BRPDZASDBP4A8HEC&srno=b_398&ref=fdcd14fb-2844-4900-b605-62fc8522df68
http://www.flipkart.com/farlin-toddler-paper-bib/p/itmdzbyhhmfyvt3w?pid=BIBDZBWRRUGKYSXZ&srno=b_399&ref=fdcd14fb-2844-4900-b605-62fc8522df68
http://www.flipkart.com/farlin-baby-potty-seat/p/itmdhxb3addujjym?pid=PSBDHXB29DZ6YKZR&srno=b_400&ref=fdcd14fb-2844-4900-b605-62fc8522df68
http://www.flipkart.com/farlin-piggie-wiggie-rattle/p/itmdzdvbgfe5d6pt?pid=BBRDBYJTDHQKCZHJ&srno=b_401&ref=12779358-53cb-4da4-bde7-27435cb78e8e
