http://www.flipkart.com/jg-shoppe-sk-printed-tote/p/itmdqwaf6tunarzk?pid=HMBDQWAEHZHPUQ2G&srno=b_1&ref=f65dc22a-0c0b-44d4-91f8-0a8396311891
http://www.flipkart.com/jg-shoppe-zebra-printed-tote/p/itmdqwafuhm9egf6?pid=HMBDQWAEX2A2HRRX&srno=b_2&ref=f65dc22a-0c0b-44d4-91f8-0a8396311891
http://www.flipkart.com/jg-shoppe-printed-m5-tote/p/itmdpt3k7grj5hyf?pid=HMBDPT3BHZWJWEUY&srno=b_3&ref=f65dc22a-0c0b-44d4-91f8-0a8396311891
http://www.flipkart.com/jg-shoppe-peace-printed-tote/p/itmdqwafjvzzngpz?pid=HMBDQWAENGPJGQNH&srno=b_4&ref=f65dc22a-0c0b-44d4-91f8-0a8396311891
http://www.flipkart.com/jg-shoppe-doll-m41-tote/p/itmdpt3k68jjhmdy?pid=HMBDPT3BCGRUGMQQ&srno=b_5&ref=f65dc22a-0c0b-44d4-91f8-0a8396311891
http://www.flipkart.com/jg-shoppe-doll-m46-tote/p/itmdpt3kteqbsfp7?pid=HMBDPT3BTUDYJFC8&srno=b_6&ref=f65dc22a-0c0b-44d4-91f8-0a8396311891
http://www.flipkart.com/jg-shoppe-forever-printed-tote/p/itmdqwafhjsvgbkz?pid=HMBDQWAEDDSJBWEZ&srno=b_7&ref=f65dc22a-0c0b-44d4-91f8-0a8396311891
http://www.flipkart.com/jg-shoppe-tree-printed-tote/p/itmdqwaf8vfe3drg?pid=HMBDQWAEGAHAYYXM&srno=b_8&ref=f65dc22a-0c0b-44d4-91f8-0a8396311891
http://www.flipkart.com/jg-shoppe-printed-tote/p/itmdqwafhwy2qfxf?pid=HMBDQWAEZNASNJA9&srno=b_9&ref=f65dc22a-0c0b-44d4-91f8-0a8396311891
http://www.flipkart.com/jg-shoppe-buddy-tote/p/itmdqwaffwzckkgm?pid=HMBDQWAEZPYHAVNW&srno=b_10&ref=f65dc22a-0c0b-44d4-91f8-0a8396311891
http://www.flipkart.com/jg-shoppe-clock-printed-tote/p/itmdqwafrdppc2ct?pid=HMBDQWAEAFFHBAYF&srno=b_11&ref=f65dc22a-0c0b-44d4-91f8-0a8396311891
http://www.flipkart.com/jg-shoppe-printed-m9-tote/p/itmdpt3ks7sgzsnd?pid=HMBDPT3BN5FGSTNE&srno=b_12&ref=f65dc22a-0c0b-44d4-91f8-0a8396311891
http://www.flipkart.com/jg-shoppe-tb1149-tote/p/itmdpzncxaqg3k2a?pid=HMBDZKRANE3NPGWA&srno=b_13&ref=f65dc22a-0c0b-44d4-91f8-0a8396311891
http://www.flipkart.com/jg-shoppe-tb1264-tote/p/itmdpzncwan2qskp?pid=HMBDZKRAPF9H7AKZ&srno=b_14&ref=f65dc22a-0c0b-44d4-91f8-0a8396311891
http://www.flipkart.com/jg-shoppe-doll-m42-tote/p/itmdpt3kzj7wp8af?pid=HMBDPT3B23WQYRUF&srno=b_15&ref=f65dc22a-0c0b-44d4-91f8-0a8396311891
http://www.flipkart.com/jg-shoppe-printed-m4-tote/p/itmdpt3kkveeq27h?pid=HMBDPT3BGG6H4KGG&srno=b_16&ref=4d320211-47f9-4d16-ba6f-fad4941e1514
http://www.flipkart.com/jg-shoppe-doll-m45-tote/p/itmdpt3khgu67chh?pid=HMBDPT3BMAMV9RPM&srno=b_17&ref=4d320211-47f9-4d16-ba6f-fad4941e1514
http://www.flipkart.com/jg-shoppe-doll-m43-tote/p/itmdpt3kby3yffeb?pid=HMBDPT3BBUQHGDHZ&srno=b_18&ref=4d320211-47f9-4d16-ba6f-fad4941e1514
http://www.flipkart.com/jg-shoppe-jutex-m2-tote/p/itmdqhuvruvhjuxf?pid=HMBDQHUUASARZTWT&srno=b_19&ref=4d320211-47f9-4d16-ba6f-fad4941e1514
http://www.flipkart.com/jg-shoppe-jutex-m5-tote/p/itmdqhuvfesh2pw5?pid=HMBDQHUUZVZNVYGJ&srno=b_20&ref=4d320211-47f9-4d16-ba6f-fad4941e1514
http://www.flipkart.com/jg-shoppe-92-forever-tote/p/itmdpt3kr83zrvf2?pid=HMBDPT3B25GZCQF8&srno=b_21&ref=4d320211-47f9-4d16-ba6f-fad4941e1514
http://www.flipkart.com/jg-shoppe-foldable-tote/p/itmdqwafd8fg7ug6?pid=HMBDQWAEJZCN5GFY&srno=b_22&ref=4d320211-47f9-4d16-ba6f-fad4941e1514
http://www.flipkart.com/jg-shoppe-symbol-printed-tote/p/itmdqwafm6f89tyt?pid=HMBDQWAEZNDYHFJC&srno=b_23&ref=4d320211-47f9-4d16-ba6f-fad4941e1514
http://www.flipkart.com/jg-shoppe-jute-m1-tote/p/itmdqhuvwe5huygm?pid=HMBDQHUUUMW6PZRD&srno=b_24&ref=4d320211-47f9-4d16-ba6f-fad4941e1514
http://www.flipkart.com/jg-shoppe-symbol-printed-tote/p/itmdqwafrersbwhd?pid=HMBDQWAEKEURHURB&srno=b_25&ref=4d320211-47f9-4d16-ba6f-fad4941e1514
http://www.flipkart.com/jg-shoppe-hello-milk-printed-tote/p/itmdqwaftdhvn6x7?pid=HMBDQWAEHCNVZHRF&srno=b_26&ref=4d320211-47f9-4d16-ba6f-fad4941e1514
http://www.flipkart.com/jg-shoppe-jutex-m7-tote/p/itmdqhuvfmeqpkpp?pid=HMBDQHUUBYUPTHCP&srno=b_27&ref=4d320211-47f9-4d16-ba6f-fad4941e1514
http://www.flipkart.com/jg-shoppe-forever-printed-tote/p/itmdqwafuusr7hyx?pid=HMBDQWAEYMGMGAPN&srno=b_28&ref=4d320211-47f9-4d16-ba6f-fad4941e1514
http://www.flipkart.com/jg-shoppe-jutex-m6-tote/p/itmdqhuvuvzhvrhu?pid=HMBDQHUUHY8GMSAH&srno=b_29&ref=4d320211-47f9-4d16-ba6f-fad4941e1514
http://www.flipkart.com/jg-shoppe-buddy-tote/p/itmdqwafr4zmzgfn?pid=HMBDQWAEZVQ5GGCZ&srno=b_30&ref=4d320211-47f9-4d16-ba6f-fad4941e1514
http://www.flipkart.com/jg-shoppe-jutex-m8-tote/p/itmdqhuvavp3d5qk?pid=HMBDQHUUZZXUYSQD&srno=b_31&ref=69406305-6af2-4cac-9c55-3919bbbca7c4
http://www.flipkart.com/jg-shoppe-cortege-printed-tote/p/itmdqwafgzg6vgkj?pid=HMBDQWAEGCH8RVH5&srno=b_32&ref=69406305-6af2-4cac-9c55-3919bbbca7c4
http://www.flipkart.com/jg-shoppe-shoe-tote/p/itmdtyvcgsz3eysa?pid=HMBDTYVCGS46FZST&srno=b_33&ref=69406305-6af2-4cac-9c55-3919bbbca7c4
http://www.flipkart.com/jg-shoppe-fashion-printed-tote/p/itmdqwafhacgnzu7?pid=HMBDQWAEGPGNVF6R&srno=b_34&ref=69406305-6af2-4cac-9c55-3919bbbca7c4
http://www.flipkart.com/jg-shoppe-symbol-printed-tote/p/itmdqwafffdzsadp?pid=HMBDQWAENWPKF9RM&srno=b_35&ref=69406305-6af2-4cac-9c55-3919bbbca7c4
http://www.flipkart.com/jg-shoppe-symbol-printed-tote/p/itmdqwafqq4mg54z?pid=HMBDQWAEARBNDHG9&srno=b_36&ref=69406305-6af2-4cac-9c55-3919bbbca7c4
http://www.flipkart.com/jg-shoppe-printed-m3-tote/p/itmdpt3kxgccyc8b?pid=HMBDPT3BARG8TJH9&srno=b_37&ref=69406305-6af2-4cac-9c55-3919bbbca7c4
